FFASCI 0 1 "LINES" 0 1e+10
FFATTR 0 1
->1
589815.042491 2492041.724831 0.000000
589810.098178 2492042.470933 0.000000
589805.153865 2492043.217034 0.000000
589800.209552 2492043.963136 0.000000
589795.265238 2492044.709238 0.000000
589790.320925 2492045.455340 0.000000
589785.376612 2492046.201442 0.000000
589780.432298 2492046.947544 0.000000
589775.487985 2492047.693646 0.000000
589770.543672 2492048.439748 0.000000
589765.599358 2492049.185850 0.000000
589760.655045 2492049.931952 0.000000
589755.710732 2492050.678054 0.000000
589750.766419 2492051.424156 0.000000
589745.822105 2492052.170258 0.000000
589740.877792 2492052.916359 0.000000
589735.933479 2492053.662461 0.000000
589730.989165 2492054.408563 0.000000
589726.044852 2492055.154665 0.000000
589721.100539 2492055.900767 0.000000
589716.156225 2492056.646869 0.000000
589711.211912 2492057.392971 0.000000
589706.267599 2492058.139073 0.000000
589701.323286 2492058.885175 0.000000
589696.378972 2492059.631277 0.000000
589691.434659 2492060.377379 0.000000
589686.490346 2492061.123481 0.000000
589681.546032 2492061.869582 0.000000
589676.601719 2492062.615684 0.000000
589671.657406 2492063.361786 0.000000
589666.713092 2492064.107888 0.000000
589661.768779 2492064.853990 0.000000
589656.824466 2492065.600092 0.000000
589651.880153 2492066.346194 0.000000
589646.935839 2492067.092296 0.000000
589641.991526 2492067.838398 0.000000
589637.047213 2492068.584500 0.000000
589632.102899 2492069.330602 0.000000
589627.158586 2492070.076704 0.000000
589622.214273 2492070.822806 0.000000
589617.269959 2492071.568907 0.000000
589612.325646 2492072.315009 0.000000
589607.381333 2492073.061111 0.000000
589602.437020 2492073.807213 0.000000
589597.492706 2492074.553315 0.000000
589592.548393 2492075.299417 0.000000
589587.604080 2492076.045519 0.000000
589582.659766 2492076.791621 0.000000
589577.715453 2492077.537723 0.000000
589572.771140 2492078.283825 0.000000
589567.826826 2492079.029927 0.000000
589562.882513 2492079.776029 0.000000
589557.938200 2492080.522131 0.000000
589552.993887 2492081.268232 0.000000
589548.049573 2492082.014334 0.000000
589543.105260 2492082.760436 0.000000
589538.160947 2492083.506538 0.000000
589533.216633 2492084.252640 0.000000
589528.272320 2492084.998742 0.000000
589523.328007 2492085.744844 0.000000
589518.383693 2492086.490946 0.000000
589513.439380 2492087.237048 0.000000
589508.495067 2492087.983150 0.000000
589503.550754 2492088.729252 0.000000
589498.606440 2492089.475354 0.000000
589493.662127 2492090.221455 0.000000
589488.717814 2492090.967557 0.000000
589483.773500 2492091.713659 0.000000
589478.829187 2492092.459761 0.000000
589473.884874 2492093.205863 0.000000
589468.940560 2492093.951965 0.000000
589463.996247 2492094.698067 0.000000
589459.051934 2492095.444169 0.000000
589454.107620 2492096.190271 0.000000
589449.163307 2492096.936373 0.000000
589444.218994 2492097.682475 0.000000
589439.274681 2492098.428577 0.000000
589434.330367 2492099.174679 0.000000
589429.386054 2492099.920780 0.000000
589424.441741 2492100.666882 0.000000
589419.497427 2492101.412984 0.000000
589414.553114 2492102.159086 0.000000
589409.608801 2492102.905188 0.000000
589404.664487 2492103.651290 0.000000
589399.720174 2492104.397392 0.000000
589394.775861 2492105.143494 0.000000
589389.831548 2492105.889596 0.000000
589384.887234 2492106.635698 0.000000
589379.942921 2492107.381800 0.000000
589374.998608 2492108.127902 0.000000
589370.054294 2492108.874003 0.000000
589365.109981 2492109.620105 0.000000
589360.165668 2492110.366207 0.000000
589355.221354 2492111.112309 0.000000
589350.277041 2492111.858411 0.000000
589345.332728 2492112.604513 0.000000
589340.388415 2492113.350615 0.000000
589335.444101 2492114.096717 0.000000
589330.499788 2492114.842819 0.000000
589325.555475 2492115.588921 0.000000
589320.611161 2492116.335023 0.000000
589315.666848 2492117.081125 0.000000
589310.722535 2492117.827227 0.000000
589305.778221 2492118.573328 0.000000
589300.833908 2492119.319430 0.000000
589295.889595 2492120.065532 0.000000
589290.945282 2492120.811634 0.000000
589286.000968 2492121.557736 0.000000
589281.056655 2492122.303838 0.000000
589276.112342 2492123.049940 0.000000
589271.168028 2492123.796042 0.000000
589266.223715 2492124.542144 0.000000
589261.279402 2492125.288246 0.000000
589256.335088 2492126.034348 0.000000
589251.390775 2492126.780450 0.000000
589246.446462 2492127.526551 0.000000
589241.502149 2492128.272653 0.000000
589236.557835 2492129.018755 0.000000
589231.613522 2492129.764857 0.000000
589226.669209 2492130.510959 0.000000
589221.724895 2492131.257061 0.000000
589216.780582 2492132.003163 0.000000
589211.836269 2492132.749265 0.000000
589206.891955 2492133.495367 0.000000
589201.947642 2492134.241469 0.000000
589197.003329 2492134.987571 0.000000
589192.059016 2492135.733673 0.000000
589187.114702 2492136.479775 0.000000
589182.170389 2492137.225876 0.000000
589177.226076 2492137.971978 0.000000
589172.281762 2492138.718080 0.000000
589167.337449 2492139.464182 0.000000
589162.393136 2492140.210284 0.000000
589157.448822 2492140.956386 0.000000
589152.504509 2492141.702488 0.000000
589147.560196 2492142.448590 0.000000
589142.615883 2492143.194692 0.000000
589137.671569 2492143.940794 0.000000
589132.727256 2492144.686896 0.000000
589127.782943 2492145.432998 0.000000
589122.838629 2492146.179100 0.000000
589117.894316 2492146.925201 0.000000
589112.950003 2492147.671303 0.000000
589108.005689 2492148.417405 0.000000
589103.061376 2492149.163507 0.000000
589098.117063 2492149.909609 0.000000
589093.172750 2492150.655711 0.000000
589088.228436 2492151.401813 0.000000
589083.284123 2492152.147915 0.000000
589078.339810 2492152.894017 0.000000
589073.395496 2492153.640119 0.000000
589068.451183 2492154.386221 0.000000
589063.506870 2492155.132323 0.000000
589058.562556 2492155.878424 0.000000
589053.618243 2492156.624526 0.000000
589048.673930 2492157.370628 0.000000
589043.729617 2492158.116730 0.000000
589038.785303 2492158.862832 0.000000
589033.840990 2492159.608934 0.000000
589028.896677 2492160.355036 0.000000
589023.952363 2492161.101138 0.000000
589019.008050 2492161.847240 0.000000
589014.063737 2492162.593342 0.000000
589009.119423 2492163.339444 0.000000
589004.175110 2492164.085546 0.000000
588999.230797 2492164.831648 0.000000
588994.286484 2492165.577749 0.000000
588989.342170 2492166.323851 0.000000
588984.397857 2492167.069953 0.000000
588979.453544 2492167.816055 0.000000
588974.509230 2492168.562157 0.000000
588969.564917 2492169.308259 0.000000
588964.620604 2492170.054361 0.000000
588959.676290 2492170.800463 0.000000
588954.731977 2492171.546565 0.000000
588949.787664 2492172.292667 0.000000
588944.843350 2492173.038769 0.000000
588939.899037 2492173.784871 0.000000
588934.954724 2492174.530972 0.000000
588930.010411 2492175.277074 0.000000
588925.066097 2492176.023176 0.000000
588920.121784 2492176.769278 0.000000
588915.177471 2492177.515380 0.000000
588910.233157 2492178.261482 0.000000
588905.288844 2492179.007584 0.000000
588900.344531 2492179.753686 0.000000
588895.400217 2492180.499788 0.000000
588890.455904 2492181.245890 0.000000
588885.511591 2492181.991992 0.000000
588880.567278 2492182.738094 0.000000
588875.622964 2492183.484196 0.000000
588870.678651 2492184.230297 0.000000
588865.734338 2492184.976399 0.000000
588860.790024 2492185.722501 0.000000
588855.845711 2492186.468603 0.000000
588850.901398 2492187.214705 0.000000
588845.957084 2492187.960807 0.000000
588841.012771 2492188.706909 0.000000
588836.068458 2492189.453011 0.000000
588831.124145 2492190.199113 0.000000
588826.179831 2492190.945215 0.000000
588821.235518 2492191.691317 0.000000
588816.291205 2492192.437419 0.000000
588811.346891 2492193.183521 0.000000
588806.402578 2492193.929622 0.000000
588801.458265 2492194.675724 0.000000
588796.513951 2492195.421826 0.000000
588791.569638 2492196.167928 0.000000
588786.625325 2492196.914030 0.000000
588781.681012 2492197.660132 0.000000
588776.736698 2492198.406234 0.000000
588771.792385 2492199.152336 0.000000
588766.848072 2492199.898438 0.000000
588761.903758 2492200.644540 0.000000
588756.959445 2492201.390642 0.000000
588752.015132 2492202.136744 0.000000
588747.070818 2492202.882845 0.000000
588742.126505 2492203.628947 0.000000
588737.182192 2492204.375049 0.000000
588732.237879 2492205.121151 0.000000
588727.293565 2492205.867253 0.000000
588722.349252 2492206.613355 0.000000
588717.404939 2492207.359457 0.000000
588712.460625 2492208.105559 0.000000
588707.516312 2492208.851661 0.000000
588702.571999 2492209.597763 0.000000
588697.627685 2492210.343865 0.000000
588692.683372 2492211.089967 0.000000
588687.739059 2492211.836069 0.000000
588682.794746 2492212.582170 0.000000
588677.850432 2492213.328272 0.000000
588672.906119 2492214.074374 0.000000
588667.961806 2492214.820476 0.000000
588663.017492 2492215.566578 0.000000
588658.073179 2492216.312680 0.000000
588653.128866 2492217.058782 0.000000
588648.184552 2492217.804884 0.000000
588643.240239 2492218.550986 0.000000
588638.295926 2492219.297088 0.000000
588633.351613 2492220.043190 0.000000
588628.407299 2492220.789292 0.000000
588623.462986 2492221.535393 0.000000
588618.518673 2492222.281495 0.000000
588613.574359 2492223.027597 0.000000
588608.630046 2492223.773699 0.000000
588603.685733 2492224.519801 0.000000
588598.741419 2492225.265903 0.000000
588593.797106 2492226.012005 0.000000
588588.852793 2492226.758107 0.000000
588583.908480 2492227.504209 0.000000
588578.964166 2492228.250311 0.000000
588574.019853 2492228.996413 0.000000
588569.075540 2492229.742515 0.000000
588564.131226 2492230.488617 0.000000
588559.186913 2492231.234718 0.000000
588554.242600 2492231.980820 0.000000
588549.298286 2492232.726922 0.000000
588544.353973 2492233.473024 0.000000
588539.409660 2492234.219126 0.000000
588534.465347 2492234.965228 0.000000
588529.521033 2492235.711330 0.000000
588524.576720 2492236.457432 0.000000
588519.632407 2492237.203534 0.000000
588514.688093 2492237.949636 0.000000
588509.743780 2492238.695738 0.000000
588504.799467 2492239.441840 0.000000
588499.855153 2492240.187941 0.000000
588494.910840 2492240.934043 0.000000
588489.966527 2492241.680145 0.000000
588485.022214 2492242.426247 0.000000
588480.077900 2492243.172349 0.000000
588475.133587 2492243.918451 0.000000
588470.189274 2492244.664553 0.000000
588465.244960 2492245.410655 0.000000
588460.300647 2492246.156757 0.000000
588455.356334 2492246.902859 0.000000
588450.412020 2492247.648961 0.000000
588445.467707 2492248.395063 0.000000
588440.523394 2492249.141165 0.000000
588435.579081 2492249.887266 0.000000
588430.634767 2492250.633368 0.000000
588425.690454 2492251.379470 0.000000
588420.746141 2492252.125572 0.000000
588415.801827 2492252.871674 0.000000
588410.857514 2492253.617776 0.000000
588405.913201 2492254.363878 0.000000
588400.968887 2492255.109980 0.000000
588396.024574 2492255.856082 0.000000
588391.080261 2492256.602184 0.000000
588386.135947 2492257.348286 0.000000
588381.191634 2492258.094388 0.000000
588376.247321 2492258.840490 0.000000
588371.303008 2492259.586591 0.000000
588366.358694 2492260.332693 0.000000
588361.414381 2492261.078795 0.000000
588356.470068 2492261.824897 0.000000
588351.525754 2492262.570999 0.000000
588346.581441 2492263.317101 0.000000
588341.637128 2492264.063203 0.000000
588336.692814 2492264.809305 0.000000
588331.748501 2492265.555407 0.000000
588326.804188 2492266.301509 0.000000
588321.859875 2492267.047611 0.000000
588316.915561 2492267.793713 0.000000
588311.971248 2492268.539814 0.000000
588307.026935 2492269.285916 0.000000
588302.082621 2492270.032018 0.000000
588297.138308 2492270.778120 0.000000
588292.193995 2492271.524222 0.000000
588287.249681 2492272.270324 0.000000
588282.305368 2492273.016426 0.000000
588277.361055 2492273.762528 0.000000
588272.416742 2492274.508630 0.000000
588267.472428 2492275.254732 0.000000
588262.528115 2492276.000834 0.000000
588257.583802 2492276.746936 0.000000
588252.639488 2492277.493038 0.000000
588247.695175 2492278.239139 0.000000
588242.750862 2492278.985241 0.000000
588237.806548 2492279.731343 0.000000
588232.862235 2492280.477445 0.000000
588227.917922 2492281.223547 0.000000
588222.973609 2492281.969649 0.000000
588218.029295 2492282.715751 0.000000
588213.084982 2492283.461853 0.000000
588208.140669 2492284.207955 0.000000
588203.196355 2492284.954057 0.000000
588198.252042 2492285.700159 0.000000
588193.307729 2492286.446261 0.000000
588188.363415 2492287.192362 0.000000
588183.419102 2492287.938464 0.000000
588178.474789 2492288.684566 0.000000
588173.530476 2492289.430668 0.000000
588168.586162 2492290.176770 0.000000
588163.641849 2492290.922872 0.000000
588158.697536 2492291.668974 0.000000
588153.753222 2492292.415076 0.000000
588148.808909 2492293.161178 0.000000
588143.864596 2492293.907280 0.000000
588138.920282 2492294.653382 0.000000
588133.975969 2492295.399484 0.000000
588129.031656 2492296.145586 0.000000
588124.087343 2492296.891687 0.000000
588119.143029 2492297.637789 0.000000
588114.198716 2492298.383891 0.000000
588109.254403 2492299.129993 0.000000
588104.310089 2492299.876095 0.000000
588099.365776 2492300.622197 0.000000
588094.421463 2492301.368299 0.000000
588089.477149 2492302.114401 0.000000
588084.532836 2492302.860503 0.000000
588079.588523 2492303.606605 0.000000
588074.644210 2492304.352707 0.000000
588069.699896 2492305.098809 0.000000
588064.755583 2492305.844910 0.000000
588059.811270 2492306.591012 0.000000
588054.866956 2492307.337114 0.000000
588049.922643 2492308.083216 0.000000
588044.978330 2492308.829318 0.000000
588040.034016 2492309.575420 0.000000
588035.089703 2492310.321522 0.000000
588030.145390 2492311.067624 0.000000
588025.201077 2492311.813726 0.000000
588020.256763 2492312.559828 0.000000
588015.312450 2492313.305930 0.000000
588010.368137 2492314.052032 0.000000
588005.423823 2492314.798134 0.000000
588000.479510 2492315.544235 0.000000
587995.535197 2492316.290337 0.000000
587990.590883 2492317.036439 0.000000
587985.646570 2492317.782541 0.000000
587980.702257 2492318.528643 0.000000
587975.757944 2492319.274745 0.000000
587970.813630 2492320.020847 0.000000
587965.869317 2492320.766949 0.000000
587960.925004 2492321.513051 0.000000
587955.980690 2492322.259153 0.000000
587951.036377 2492323.005255 0.000000
587946.092064 2492323.751357 0.000000
587941.147750 2492324.497459 0.000000
587936.203437 2492325.243560 0.000000
587931.259124 2492325.989662 0.000000
587926.314811 2492326.735764 0.000000
587921.370497 2492327.481866 0.000000
587916.426184 2492328.227968 0.000000
587911.481871 2492328.974070 0.000000
587906.537557 2492329.720172 0.000000
587901.593244 2492330.466274 0.000000
587896.648931 2492331.212376 0.000000
587891.704617 2492331.958478 0.000000
587886.760304 2492332.704580 0.000000
587881.815991 2492333.450682 0.000000
587876.871678 2492334.196783 0.000000
587871.927364 2492334.942885 0.000000
587866.983051 2492335.688987 0.000000
587862.038738 2492336.435089 0.000000
587857.094424 2492337.181191 0.000000
587852.150111 2492337.927293 0.000000
587847.205798 2492338.673395 0.000000
587842.261484 2492339.419497 0.000000
587837.317171 2492340.165599 0.000000
587832.372858 2492340.911701 0.000000
587827.428544 2492341.657803 0.000000
587822.484231 2492342.403905 0.000000
587817.539918 2492343.150007 0.000000
587812.595605 2492343.896108 0.000000
587807.651291 2492344.642210 0.000000
587802.706978 2492345.388312 0.000000
587797.762665 2492346.134414 0.000000
587792.818351 2492346.880516 0.000000
587787.874038 2492347.626618 0.000000
587782.929725 2492348.372720 0.000000
587777.985411 2492349.118822 0.000000
587773.041098 2492349.864924 0.000000
587768.096785 2492350.611026 0.000000
587763.152472 2492351.357128 0.000000
587758.208158 2492352.103230 0.000000
587753.263845 2492352.849331 0.000000
587748.319532 2492353.595433 0.000000
587743.375218 2492354.341535 0.000000
587738.430905 2492355.087637 0.000000
587733.486592 2492355.833739 0.000000
587728.542278 2492356.579841 0.000000
587723.597965 2492357.325943 0.000000
587718.653652 2492358.072045 0.000000
587713.709339 2492358.818147 0.000000
587708.765025 2492359.564249 0.000000
587703.820712 2492360.310351 0.000000
587698.876399 2492361.056453 0.000000
587693.932085 2492361.802555 0.000000
587688.987772 2492362.548656 0.000000
587684.043459 2492363.294758 0.000000
587679.099145 2492364.040860 0.000000
587674.154832 2492364.786962 0.000000
587669.210519 2492365.533064 0.000000
587664.266206 2492366.279166 0.000000
587659.321892 2492367.025268 0.000000
587654.377579 2492367.771370 0.000000
587649.433266 2492368.517472 0.000000
587644.488952 2492369.263574 0.000000
587639.544639 2492370.009676 0.000000
587634.600326 2492370.755778 0.000000
587629.656012 2492371.501879 0.000000
587624.711699 2492372.247981 0.000000
587619.767386 2492372.994083 0.000000
587614.823073 2492373.740185 0.000000
587609.878759 2492374.486287 0.000000
587604.934446 2492375.232389 0.000000
587599.990133 2492375.978491 0.000000
587595.045819 2492376.724593 0.000000
587590.101506 2492377.470695 0.000000
587585.157193 2492378.216797 0.000000
587580.212879 2492378.962899 0.000000
587575.268566 2492379.709001 0.000000
587570.324253 2492380.455103 0.000000
587565.379940 2492381.201204 0.000000
587560.435626 2492381.947306 0.000000
587555.491313 2492382.693408 0.000000
587550.547000 2492383.439510 0.000000
587545.602686 2492384.185612 0.000000
587540.658373 2492384.931714 0.000000
587535.714060 2492385.677816 0.000000
587530.769746 2492386.423918 0.000000
587525.825433 2492387.170020 0.000000
587520.881120 2492387.916122 0.000000
587515.936807 2492388.662224 0.000000
587510.992493 2492389.408326 0.000000
587506.048180 2492390.154428 0.000000
587501.103867 2492390.900529 0.000000
587496.159553 2492391.646631 0.000000
587491.215240 2492392.392733 0.000000
587486.270927 2492393.138835 0.000000
587481.326613 2492393.884937 0.000000
587476.382300 2492394.631039 0.000000
587471.437987 2492395.377141 0.000000
587466.493674 2492396.123243 0.000000
587461.549360 2492396.869345 0.000000
587456.605047 2492397.615447 0.000000
587451.660734 2492398.361549 0.000000
587446.716420 2492399.107651 0.000000
587441.772107 2492399.853752 0.000000
587436.827794 2492400.599854 0.000000
587431.883480 2492401.345956 0.000000
587426.939167 2492402.092058 0.000000
587421.994854 2492402.838160 0.000000
587417.050541 2492403.584262 0.000000
587412.106227 2492404.330364 0.000000
587407.161914 2492405.076466 0.000000
587402.217601 2492405.822568 0.000000
587397.273287 2492406.568670 0.000000
587392.328974 2492407.314772 0.000000
587387.384661 2492408.060874 0.000000
587382.440347 2492408.806976 0.000000
587377.496034 2492409.553077 0.000000
587372.551721 2492410.299179 0.000000
587367.607408 2492411.045281 0.000000
587362.663094 2492411.791383 0.000000
587357.718781 2492412.537485 0.000000
587352.774468 2492413.283587 0.000000
587347.830154 2492414.029689 0.000000
587342.885841 2492414.775791 0.000000
587337.941528 2492415.521893 0.000000
587332.997214 2492416.267995 0.000000
587328.052901 2492417.014097 0.000000
587323.108588 2492417.760199 0.000000
587318.164274 2492418.506300 0.000000
587313.219961 2492419.252402 0.000000
587308.275648 2492419.998504 0.000000
587303.331335 2492420.744606 0.000000
587298.387021 2492421.490708 0.000000
587293.442708 2492422.236810 0.000000
587288.498395 2492422.982912 0.000000
587283.554081 2492423.729014 0.000000
587278.609768 2492424.475116 0.000000
587273.665455 2492425.221218 0.000000
587268.721141 2492425.967320 0.000000
587263.776828 2492426.713422 0.000000
587258.832515 2492427.459524 0.000000
587253.888202 2492428.205625 0.000000
587248.943888 2492428.951727 0.000000
587243.999575 2492429.697829 0.000000
587239.055262 2492430.443931 0.000000
587234.110948 2492431.190033 0.000000
587229.166635 2492431.936135 0.000000
587224.222322 2492432.682237 0.000000
587219.278008 2492433.428339 0.000000
587214.333695 2492434.174441 0.000000
587209.389382 2492434.920543 0.000000
587204.445069 2492435.666645 0.000000
587199.500755 2492436.412747 0.000000
587194.556442 2492437.158849 0.000000
587189.612129 2492437.904950 0.000000
587184.667815 2492438.651052 0.000000
587179.723502 2492439.397154 0.000000
587174.779189 2492440.143256 0.000000
587169.834875 2492440.889358 0.000000
587164.890562 2492441.635460 0.000000
587159.946249 2492442.381562 0.000000
587155.001936 2492443.127664 0.000000
587150.057622 2492443.873766 0.000000
587145.113309 2492444.619868 0.000000
587140.168996 2492445.365970 0.000000
587135.224682 2492446.112072 0.000000
587130.280369 2492446.858173 0.000000
587125.336056 2492447.604275 0.000000
587120.391742 2492448.350377 0.000000
587115.447429 2492449.096479 0.000000
587110.503116 2492449.842581 0.000000
587105.558803 2492450.588683 0.000000
587100.614489 2492451.334785 0.000000
587095.670176 2492452.080887 0.000000
587090.725863 2492452.826989 0.000000
587085.781549 2492453.573091 0.000000
587080.837236 2492454.319193 0.000000
587075.892923 2492455.065295 0.000000
587070.948609 2492455.811397 0.000000
587066.004296 2492456.557498 0.000000
587061.059983 2492457.303600 0.000000
587056.115670 2492458.049702 0.000000
587051.171356 2492458.795804 0.000000
587046.227043 2492459.541906 0.000000
587041.282730 2492460.288008 0.000000
587036.338416 2492461.034110 0.000000
587031.394103 2492461.780212 0.000000
587026.449790 2492462.526314 0.000000
587021.505476 2492463.272416 0.000000
587016.561163 2492464.018518 0.000000
587011.616850 2492464.764620 0.000000
587006.672537 2492465.510721 0.000000
587001.728223 2492466.256823 0.000000
586996.783910 2492467.002925 0.000000
586991.839597 2492467.749027 0.000000
586986.895283 2492468.495129 0.000000
586981.950970 2492469.241231 0.000000
586977.006657 2492469.987333 0.000000
586972.062343 2492470.733435 0.000000
586967.118030 2492471.479537 0.000000
586962.173717 2492472.225639 0.000000
586957.229404 2492472.971741 0.000000
586952.285090 2492473.717843 0.000000
586947.340777 2492474.463945 0.000000
586942.396464 2492475.210046 0.000000
586937.452150 2492475.956148 0.000000
586932.507837 2492476.702250 0.000000
586927.563524 2492477.448352 0.000000
586922.619210 2492478.194454 0.000000
586917.674897 2492478.940556 0.000000
586912.730584 2492479.686658 0.000000
586907.786271 2492480.432760 0.000000
586902.841957 2492481.178862 0.000000
586897.897644 2492481.924964 0.000000
586892.953331 2492482.671066 0.000000
586888.009017 2492483.417168 0.000000
586883.064704 2492484.163269 0.000000
586878.120391 2492484.909371 0.000000
586873.176077 2492485.655473 0.000000
586868.231764 2492486.401575 0.000000
586863.287451 2492487.147677 0.000000
586858.343138 2492487.893779 0.000000
586853.398824 2492488.639881 0.000000
586848.454511 2492489.385983 0.000000
586843.510198 2492490.132085 0.000000
586838.565884 2492490.878187 0.000000
586833.621571 2492491.624289 0.000000
586828.677258 2492492.370391 0.000000
586823.732944 2492493.116493 0.000000
586818.788631 2492493.862594 0.000000
586813.844318 2492494.608696 0.000000
586808.900005 2492495.354798 0.000000
586803.955691 2492496.100900 0.000000
586799.011378 2492496.847002 0.000000
586794.067065 2492497.593104 0.000000
586789.122751 2492498.339206 0.000000
586784.178438 2492499.085308 0.000000
586779.234125 2492499.831410 0.000000
586774.289811 2492500.577512 0.000000
586769.345498 2492501.323614 0.000000
586764.401185 2492502.069716 0.000000
586759.456871 2492502.815818 0.000000
586754.512558 2492503.561919 0.000000
586749.568245 2492504.308021 0.000000
586744.623932 2492505.054123 0.000000
586739.679618 2492505.800225 0.000000
586734.735305 2492506.546327 0.000000
586729.790992 2492507.292429 0.000000
586724.846678 2492508.038531 0.000000
586719.902365 2492508.784633 0.000000
586714.958052 2492509.530735 0.000000
586710.013738 2492510.276837 0.000000
586705.069425 2492511.022939 0.000000
586700.125112 2492511.769041 0.000000
586695.180799 2492512.515142 0.000000
586690.236485 2492513.261244 0.000000
586685.292172 2492514.007346 0.000000
586680.347859 2492514.753448 0.000000
586675.403545 2492515.499550 0.000000
586670.459232 2492516.245652 0.000000
586665.514919 2492516.991754 0.000000
586660.570605 2492517.737856 0.000000
586655.626292 2492518.483958 0.000000
586650.681979 2492519.230060 0.000000
586645.737666 2492519.976162 0.000000
586640.793352 2492520.722264 0.000000
586635.849039 2492521.468366 0.000000
586630.904726 2492522.214467 0.000000
586625.960412 2492522.960569 0.000000
586621.016099 2492523.706671 0.000000
586616.071786 2492524.452773 0.000000
586611.127472 2492525.198875 0.000000
586606.183159 2492525.944977 0.000000
586601.238846 2492526.691079 0.000000
586596.294533 2492527.437181 0.000000
586591.350219 2492528.183283 0.000000
586586.405906 2492528.929385 0.000000
586581.461593 2492529.675487 0.000000
586576.517279 2492530.421589 0.000000
586571.572966 2492531.167690 0.000000
586566.628653 2492531.913792 0.000000
586561.684339 2492532.659894 0.000000
586556.740026 2492533.405996 0.000000
586551.795713 2492534.152098 0.000000
586546.851400 2492534.898200 0.000000
586541.907086 2492535.644302 0.000000
586536.962773 2492536.390404 0.000000
586532.018460 2492537.136506 0.000000
586527.074146 2492537.882608 0.000000
586522.129833 2492538.628710 0.000000
586517.185520 2492539.374812 0.000000
586512.241206 2492540.120914 0.000000
586507.296893 2492540.867015 0.000000
586502.352580 2492541.613117 0.000000
586497.408267 2492542.359219 0.000000
586492.463953 2492543.105321 0.000000
586487.519640 2492543.851423 0.000000
586482.575327 2492544.597525 0.000000
586477.631013 2492545.343627 0.000000
586472.686700 2492546.089729 0.000000
586467.742387 2492546.835831 0.000000
586462.798073 2492547.581933 0.000000
586457.853760 2492548.328035 0.000000
586452.909447 2492549.074137 0.000000
586447.965134 2492549.820238 0.000000
586443.020820 2492550.566340 0.000000
586438.076507 2492551.312442 0.000000
586433.132194 2492552.058544 0.000000
586428.187880 2492552.804646 0.000000
586423.243567 2492553.550748 0.000000
586418.299254 2492554.296850 0.000000
586413.354940 2492555.042952 0.000000
586408.410627 2492555.789054 0.000000
586403.466314 2492556.535156 0.000000
586398.522001 2492557.281258 0.000000
586393.577687 2492558.027360 0.000000
586388.633374 2492558.773462 0.000000
586383.689061 2492559.519563 0.000000
586378.744747 2492560.265665 0.000000
586373.800434 2492561.011767 0.000000
586368.856121 2492561.757869 0.000000
586363.911807 2492562.503971 0.000000
586358.967494 2492563.250073 0.000000
586354.023181 2492563.996175 0.000000
586349.078868 2492564.742277 0.000000
586344.134554 2492565.488379 0.000000
586339.190241 2492566.234481 0.000000
586334.245928 2492566.980583 0.000000
586329.301614 2492567.726685 0.000000
586324.357301 2492568.472787 0.000000
586319.412988 2492569.218888 0.000000
586314.468674 2492569.964990 0.000000
586309.524361 2492570.711092 0.000000
586304.580048 2492571.457194 0.000000
586299.635735 2492572.203296 0.000000
586294.691421 2492572.949398 0.000000
586289.747108 2492573.695500 0.000000
586284.802795 2492574.441602 0.000000
586279.858481 2492575.187704 0.000000
586274.914168 2492575.933806 0.000000
586269.969855 2492576.679908 0.000000
586265.025541 2492577.426010 0.000000
586260.081228 2492578.172111 0.000000
586255.136915 2492578.918213 0.000000
586250.192601 2492579.664315 0.000000
586245.248288 2492580.410417 0.000000
586240.303975 2492581.156519 0.000000
586235.359662 2492581.902621 0.000000
586230.415348 2492582.648723 0.000000
586225.471035 2492583.394825 0.000000
586220.526722 2492584.140927 0.000000
586215.582408 2492584.887029 0.000000
586210.638095 2492585.633131 0.000000
586205.693782 2492586.379233 0.000000
586200.749468 2492587.125335 0.000000
586195.805155 2492587.871436 0.000000
586190.860842 2492588.617538 0.000000
586185.916529 2492589.363640 0.000000
586180.972215 2492590.109742 0.000000
586176.027902 2492590.855844 0.000000
586171.083589 2492591.601946 0.000000
586166.139275 2492592.348048 0.000000
586161.194962 2492593.094150 0.000000
586156.250649 2492593.840252 0.000000
586151.306335 2492594.586354 0.000000
586146.362022 2492595.332456 0.000000
586141.417709 2492596.078558 0.000000
586136.473396 2492596.824659 0.000000
586131.529082 2492597.570761 0.000000
586126.584769 2492598.316863 0.000000
586121.640456 2492599.062965 0.000000
586116.696142 2492599.809067 0.000000
586111.751829 2492600.555169 0.000000
586106.807516 2492601.301271 0.000000
586101.863202 2492602.047373 0.000000
586096.918889 2492602.793475 0.000000
586091.974576 2492603.539577 0.000000
586087.030263 2492604.285679 0.000000
586082.085949 2492605.031781 0.000000
586077.141636 2492605.777883 0.000000
586072.197323 2492606.523984 0.000000
586067.253009 2492607.270086 0.000000
586062.308696 2492608.016188 0.000000
586057.364383 2492608.762290 0.000000
586052.420069 2492609.508392 0.000000
586047.475756 2492610.254494 0.000000
586042.531443 2492611.000596 0.000000
586037.587130 2492611.746698 0.000000
586032.642816 2492612.492800 0.000000
586027.698503 2492613.238902 0.000000
586022.754190 2492613.985004 0.000000
586017.809876 2492614.731106 0.000000
586012.865563 2492615.477207 0.000000
586007.921250 2492616.223309 0.000000
586002.976936 2492616.969411 0.000000
585998.032623 2492617.715513 0.000000
585993.088310 2492618.461615 0.000000
585988.143997 2492619.207717 0.000000
585983.199683 2492619.953819 0.000000
585978.255370 2492620.699921 0.000000
585973.311057 2492621.446023 0.000000
585968.366743 2492622.192125 0.000000
585963.422430 2492622.938227 0.000000
585958.478117 2492623.684329 0.000000
585953.533803 2492624.430431 0.000000
585948.589490 2492625.176532 0.000000
585943.645177 2492625.922634 0.000000
585938.700864 2492626.668736 0.000000
585933.756550 2492627.414838 0.000000
585928.812237 2492628.160940 0.000000
585923.867924 2492628.907042 0.000000
585918.923610 2492629.653144 0.000000
585913.979297 2492630.399246 0.000000
585909.034984 2492631.145348 0.000000
585904.090670 2492631.891450 0.000000
585899.146357 2492632.637552 0.000000
585894.202044 2492633.383654 0.000000
585889.257731 2492634.129756 0.000000
585884.313417 2492634.875857 0.000000
585879.369104 2492635.621959 0.000000
585874.424791 2492636.368061 0.000000
585869.480477 2492637.114163 0.000000
585864.536164 2492637.860265 0.000000
585859.591851 2492638.606367 0.000000
585854.647537 2492639.352469 0.000000
585849.703224 2492640.098571 0.000000
585844.758911 2492640.844673 0.000000
585839.814598 2492641.590775 0.000000
585834.870284 2492642.336877 0.000000
585829.925971 2492643.082979 0.000000
585824.981658 2492643.829080 0.000000
585820.037344 2492644.575182 0.000000
585815.093031 2492645.321284 0.000000
585810.148718 2492646.067386 0.000000
585805.204404 2492646.813488 0.000000
585800.260091 2492647.559590 0.000000
585795.315778 2492648.305692 0.000000
585790.371465 2492649.051794 0.000000
585785.427151 2492649.797896 0.000000
585780.482838 2492650.543998 0.000000
585775.538525 2492651.290100 0.000000
585770.594211 2492652.036202 0.000000
585765.649898 2492652.782304 0.000000
585760.705585 2492653.528405 0.000000
585755.761271 2492654.274507 0.000000
585750.816958 2492655.020609 0.000000
585745.872645 2492655.766711 0.000000
585740.928332 2492656.512813 0.000000
585735.984018 2492657.258915 0.000000
585731.039705 2492658.005017 0.000000
585726.095392 2492658.751119 0.000000
585721.151078 2492659.497221 0.000000
585716.206765 2492660.243323 0.000000
585711.262452 2492660.989425 0.000000
585706.318138 2492661.735527 0.000000
585701.373825 2492662.481628 0.000000
585696.429512 2492663.227730 0.000000
585691.485198 2492663.973832 0.000000
585686.540885 2492664.719934 0.000000
585681.596572 2492665.466036 0.000000
585676.652259 2492666.212138 0.000000
585671.707945 2492666.958240 0.000000
585666.763632 2492667.704342 0.000000
585661.819319 2492668.450444 0.000000
585656.875005 2492669.196546 0.000000
585651.930692 2492669.942648 0.000000
585646.986379 2492670.688750 0.000000
585642.042065 2492671.434852 0.000000
585637.097752 2492672.180953 0.000000
585632.153439 2492672.927055 0.000000
585627.209126 2492673.673157 0.000000
585622.264812 2492674.419259 0.000000
585617.320499 2492675.165361 0.000000
585612.376186 2492675.911463 0.000000
585607.431872 2492676.657565 0.000000
585602.487559 2492677.403667 0.000000
585597.543246 2492678.149769 0.000000
585592.598932 2492678.895871 0.000000
585587.654619 2492679.641973 0.000000
585582.710306 2492680.388075 0.000000
585577.765993 2492681.134177 0.000000
585572.821679 2492681.880278 0.000000
585567.877366 2492682.626380 0.000000
585562.933053 2492683.372482 0.000000
585557.988739 2492684.118584 0.000000
585553.044426 2492684.864686 0.000000
585548.100113 2492685.610788 0.000000
585543.155799 2492686.356890 0.000000
585538.211486 2492687.102992 0.000000
585533.267173 2492687.849094 0.000000
585528.322860 2492688.595196 0.000000
585523.378546 2492689.341298 0.000000
585518.434233 2492690.087400 0.000000
585513.489920 2492690.833501 0.000000
585508.545606 2492691.579603 0.000000
585503.601293 2492692.325705 0.000000
585498.656980 2492693.071807 0.000000
585493.712666 2492693.817909 0.000000
585488.768353 2492694.564011 0.000000
585483.824040 2492695.310113 0.000000
585478.879727 2492696.056215 0.000000
585473.935413 2492696.802317 0.000000
585468.991100 2492697.548419 0.000000
585464.046787 2492698.294521 0.000000
585459.102473 2492699.040623 0.000000
585454.158160 2492699.786725 0.000000
585449.213847 2492700.532826 0.000000
585444.269533 2492701.278928 0.000000
585439.325220 2492702.025030 0.000000
585434.380907 2492702.771132 0.000000
585429.436594 2492703.517234 0.000000
585424.492280 2492704.263336 0.000000
585419.547967 2492705.009438 0.000000
585414.603654 2492705.755540 0.000000
585409.659340 2492706.501642 0.000000
585404.715027 2492707.247744 0.000000
585399.770714 2492707.993846 0.000000
585394.826400 2492708.739948 0.000000
585389.882087 2492709.486049 0.000000
585384.937774 2492710.232151 0.000000
585379.993461 2492710.978253 0.000000
585375.049147 2492711.724355 0.000000
585370.104834 2492712.470457 0.000000
585365.160521 2492713.216559 0.000000
585360.216207 2492713.962661 0.000000
585355.271894 2492714.708763 0.000000
585350.327581 2492715.454865 0.000000
585345.383267 2492716.200967 0.000000
585340.438954 2492716.947069 0.000000
585335.494641 2492717.693171 0.000000
585330.550328 2492718.439273 0.000000
585325.606014 2492719.185374 0.000000
585320.661701 2492719.931476 0.000000
585315.717388 2492720.677578 0.000000
585310.773074 2492721.423680 0.000000
585305.828761 2492722.169782 0.000000
585300.884448 2492722.915884 0.000000
585295.940134 2492723.661986 0.000000
585290.995821 2492724.408088 0.000000
585286.051508 2492725.154190 0.000000
585281.107195 2492725.900292 0.000000
585276.162881 2492726.646394 0.000000
585271.218568 2492727.392496 0.000000
585266.274255 2492728.138597 0.000000
585261.329941 2492728.884699 0.000000
585256.385628 2492729.630801 0.000000
585251.441315 2492730.376903 0.000000
585246.497001 2492731.123005 0.000000
585241.552688 2492731.869107 0.000000
585236.608375 2492732.615209 0.000000
585231.664062 2492733.361311 0.000000
585226.719748 2492734.107413 0.000000
585221.775435 2492734.853515 0.000000
585216.831122 2492735.599617 0.000000
585211.886808 2492736.345719 0.000000
585206.942495 2492737.091821 0.000000
585201.998182 2492737.837922 0.000000
585197.053868 2492738.584024 0.000000
585192.109555 2492739.330126 0.000000
585187.165242 2492740.076228 0.000000
585182.220929 2492740.822330 0.000000
585177.276615 2492741.568432 0.000000
585172.332302 2492742.314534 0.000000
585167.387989 2492743.060636 0.000000
585162.443675 2492743.806738 0.000000
585157.499362 2492744.552840 0.000000
585152.555049 2492745.298942 0.000000
585147.610735 2492746.045044 0.000000
585142.666422 2492746.791146 0.000000
585137.722109 2492747.537247 0.000000
585132.777795 2492748.283349 0.000000
585127.833482 2492749.029451 0.000000
585122.889169 2492749.775553 0.000000
585117.944856 2492750.521655 0.000000
585113.000542 2492751.267757 0.000000
585108.056229 2492752.013859 0.000000
585103.111916 2492752.759961 0.000000
585098.167602 2492753.506063 0.000000
585093.223289 2492754.252165 0.000000
585088.278976 2492754.998267 0.000000
585083.334662 2492755.744369 0.000000
585078.390349 2492756.490470 0.000000
585073.446036 2492757.236572 0.000000
585068.501723 2492757.982674 0.000000
585063.557409 2492758.728776 0.000000
585058.613096 2492759.474878 0.000000
585053.668783 2492760.220980 0.000000
585048.724469 2492760.967082 0.000000
585043.780156 2492761.713184 0.000000
585038.835843 2492762.459286 0.000000
585033.891529 2492763.205388 0.000000
585028.947216 2492763.951490 0.000000
585024.002903 2492764.697592 0.000000
585019.058590 2492765.443694 0.000000
585014.114276 2492766.189795 0.000000
585009.169963 2492766.935897 0.000000
585004.225650 2492767.681999 0.000000
584999.281336 2492768.428101 0.000000
584994.337023 2492769.174203 0.000000
584989.392710 2492769.920305 0.000000
584984.448396 2492770.666407 0.000000
584979.504083 2492771.412509 0.000000
584974.559770 2492772.158611 0.000000
584969.615457 2492772.904713 0.000000
584964.671143 2492773.650815 0.000000
584959.726830 2492774.396917 0.000000
584954.782517 2492775.143018 0.000000
584949.838203 2492775.889120 0.000000
584944.893890 2492776.635222 0.000000
584939.949577 2492777.381324 0.000000
584935.005263 2492778.127426 0.000000
584930.060950 2492778.873528 0.000000
584925.116637 2492779.619630 0.000000
584920.172324 2492780.365732 0.000000
584915.228010 2492781.111834 0.000000
584910.283697 2492781.857936 0.000000
584905.339384 2492782.604038 0.000000
584900.395070 2492783.350140 0.000000
584895.450757 2492784.096242 0.000000
584890.506444 2492784.842343 0.000000
584885.562130 2492785.588445 0.000000
584880.617817 2492786.334547 0.000000
584875.673504 2492787.080649 0.000000
584870.729191 2492787.826751 0.000000
584865.784877 2492788.572853 0.000000
584860.840564 2492789.318955 0.000000
584855.896251 2492790.065057 0.000000
584850.951937 2492790.811159 0.000000
584846.007624 2492791.557261 0.000000
584841.063311 2492792.303363 0.000000
584836.118997 2492793.049465 0.000000
584831.174684 2492793.795566 0.000000
584826.230371 2492794.541668 0.000000
584821.286058 2492795.287770 0.000000
584816.341744 2492796.033872 0.000000
584811.397431 2492796.779974 0.000000
584806.453118 2492797.526076 0.000000
584801.508804 2492798.272178 0.000000
584796.564491 2492799.018280 0.000000
584791.620178 2492799.764382 0.000000
584786.675864 2492800.510484 0.000000
584781.731551 2492801.256586 0.000000
584776.787238 2492802.002688 0.000000
584771.842925 2492802.748790 0.000000
584766.898611 2492803.494891 0.000000
584761.954298 2492804.240993 0.000000
584757.009985 2492804.987095 0.000000
584752.065671 2492805.733197 0.000000
584747.121358 2492806.479299 0.000000
584742.177045 2492807.225401 0.000000
584737.232731 2492807.971503 0.000000
584732.288418 2492808.717605 0.000000
584727.344105 2492809.463707 0.000000
584722.399792 2492810.209809 0.000000
584717.455478 2492810.955911 0.000000
584712.511165 2492811.702013 0.000000
584707.566852 2492812.448115 0.000000
584702.622538 2492813.194216 0.000000
584697.678225 2492813.940318 0.000000
584692.733912 2492814.686420 0.000000
584687.789598 2492815.432522 0.000000
584682.845285 2492816.178624 0.000000
584677.900972 2492816.924726 0.000000
584672.956659 2492817.670828 0.000000
584668.012345 2492818.416930 0.000000
584663.068032 2492819.163032 0.000000
584658.123719 2492819.909134 0.000000
584653.179405 2492820.655236 0.000000
584648.235092 2492821.401338 0.000000
584643.290779 2492822.147439 0.000000
584638.346465 2492822.893541 0.000000
584633.402152 2492823.639643 0.000000
584628.457839 2492824.385745 0.000000
584623.513525 2492825.131847 0.000000
584618.569212 2492825.877949 0.000000
584613.624899 2492826.624051 0.000000
584608.680586 2492827.370153 0.000000
584603.736272 2492828.116255 0.000000
584598.791959 2492828.862357 0.000000
584593.847646 2492829.608459 0.000000
584588.903332 2492830.354561 0.000000
584583.959019 2492831.100663 0.000000
584579.014706 2492831.846764 0.000000
584574.070392 2492832.592866 0.000000
584569.126079 2492833.338968 0.000000
584564.181766 2492834.085070 0.000000
584559.237453 2492834.831172 0.000000
584554.293139 2492835.577274 0.000000
584549.348826 2492836.323376 0.000000
584544.404513 2492837.069478 0.000000
584539.460199 2492837.815580 0.000000
584534.515886 2492838.561682 0.000000
584529.571573 2492839.307784 0.000000
584524.627259 2492840.053886 0.000000
584519.682946 2492840.799987 0.000000
584514.738633 2492841.546089 0.000000
584509.794320 2492842.292191 0.000000
584504.850006 2492843.038293 0.000000
584499.905693 2492843.784395 0.000000
584494.961380 2492844.530497 0.000000
584490.017066 2492845.276599 0.000000
584485.072753 2492846.022701 0.000000
584480.128440 2492846.768803 0.000000
584475.184126 2492847.514905 0.000000
584470.239813 2492848.261007 0.000000
584465.295500 2492849.007109 0.000000
584460.351187 2492849.753211 0.000000
584455.406873 2492850.499312 0.000000
584450.462560 2492851.245414 0.000000
584445.518247 2492851.991516 0.000000
584440.573933 2492852.737618 0.000000
584435.629620 2492853.483720 0.000000
584430.685307 2492854.229822 0.000000
584425.740993 2492854.975924 0.000000
584420.796680 2492855.722026 0.000000
584415.852367 2492856.468128 0.000000
584410.908054 2492857.214230 0.000000
584405.963740 2492857.960332 0.000000
584401.019427 2492858.706434 0.000000
584396.075114 2492859.452535 0.000000
584391.130800 2492860.198637 0.000000
584386.186487 2492860.944739 0.000000
584381.242174 2492861.690841 0.000000
584376.297860 2492862.436943 0.000000
584371.353547 2492863.183045 0.000000
584366.409234 2492863.929147 0.000000
584361.464921 2492864.675249 0.000000
584356.520607 2492865.421351 0.000000
584351.576294 2492866.167453 0.000000
584346.631981 2492866.913555 0.000000
584341.687667 2492867.659657 0.000000
584336.743354 2492868.405759 0.000000
584331.799041 2492869.151860 0.000000
584326.854727 2492869.897962 0.000000
584321.910414 2492870.644064 0.000000
584316.966101 2492871.390166 0.000000
584312.021788 2492872.136268 0.000000
584307.077474 2492872.882370 0.000000
584302.133161 2492873.628472 0.000000
584297.188848 2492874.374574 0.000000
584292.244534 2492875.120676 0.000000
584287.300221 2492875.866778 0.000000
584282.355908 2492876.612880 0.000000
584277.411594 2492877.358982 0.000000
584272.467281 2492878.105084 0.000000
584267.522968 2492878.851185 0.000000
584262.578655 2492879.597287 0.000000
584257.634341 2492880.343389 0.000000
584252.690028 2492881.089491 0.000000
584247.745715 2492881.835593 0.000000
584242.801401 2492882.581695 0.000000
584237.857088 2492883.327797 0.000000
584232.912775 2492884.073899 0.000000
584227.968461 2492884.820001 0.000000
584223.024148 2492885.566103 0.000000
584218.079835 2492886.312205 0.000000
584213.135522 2492887.058307 0.000000
584208.191208 2492887.804408 0.000000
584203.246895 2492888.550510 0.000000
584198.302582 2492889.296612 0.000000
584193.358268 2492890.042714 0.000000
584188.413955 2492890.788816 0.000000
584183.469642 2492891.534918 0.000000
584178.525328 2492892.281020 0.000000
584173.581015 2492893.027122 0.000000
584168.636702 2492893.773224 0.000000
584163.692389 2492894.519326 0.000000
584158.748075 2492895.265428 0.000000
584153.803762 2492896.011530 0.000000
584148.859449 2492896.757632 0.000000
584143.915135 2492897.503733 0.000000
584138.970822 2492898.249835 0.000000
584134.026509 2492898.995937 0.000000
584129.082195 2492899.742039 0.000000
584124.137882 2492900.488141 0.000000
584119.193569 2492901.234243 0.000000
584114.249256 2492901.980345 0.000000
584109.304942 2492902.726447 0.000000
584104.360629 2492903.472549 0.000000
584099.416316 2492904.218651 0.000000
584094.472002 2492904.964753 0.000000
584089.527689 2492905.710855 0.000000
584084.583376 2492906.456956 0.000000
584079.639062 2492907.203058 0.000000
584074.694749 2492907.949160 0.000000
584069.750436 2492908.695262 0.000000
584064.806122 2492909.441364 0.000000
584059.861809 2492910.187466 0.000000
584054.917496 2492910.933568 0.000000
584049.973183 2492911.679670 0.000000
584045.028869 2492912.425772 0.000000
584040.084556 2492913.171874 0.000000
584035.140243 2492913.917976 0.000000
584030.195929 2492914.664078 0.000000
584025.251616 2492915.410180 0.000000
584020.307303 2492916.156281 0.000000
584015.362989 2492916.902383 0.000000
584010.418676 2492917.648485 0.000000
584005.474363 2492918.394587 0.000000
584000.530050 2492919.140689 0.000000
583995.585736 2492919.886791 0.000000
583990.641423 2492920.632893 0.000000
583985.697110 2492921.378995 0.000000
583980.752796 2492922.125097 0.000000
583975.808483 2492922.871199 0.000000
583970.864170 2492923.617301 0.000000
583965.919856 2492924.363403 0.000000
583960.975543 2492925.109505 0.000000
583956.031230 2492925.855606 0.000000
583951.086917 2492926.601708 0.000000
583946.142603 2492927.347810 0.000000
583941.198290 2492928.093912 0.000000
583936.253977 2492928.840014 0.000000
583931.309663 2492929.586116 0.000000
583926.365350 2492930.332218 0.000000
583921.421037 2492931.078320 0.000000
583916.476723 2492931.824422 0.000000
583911.532410 2492932.570524 0.000000
583906.588097 2492933.316626 0.000000
583901.643784 2492934.062728 0.000000
583896.699470 2492934.808829 0.000000
583891.755157 2492935.554931 0.000000
583886.810844 2492936.301033 0.000000
583881.866530 2492937.047135 0.000000
583876.922217 2492937.793237 0.000000
583871.977904 2492938.539339 0.000000
583867.033590 2492939.285441 0.000000
583862.089277 2492940.031543 0.000000
583857.144964 2492940.777645 0.000000
583852.200651 2492941.523747 0.000000
583847.256337 2492942.269849 0.000000
583842.312024 2492943.015951 0.000000
583837.367711 2492943.762053 0.000000
583832.423397 2492944.508154 0.000000
583827.479084 2492945.254256 0.000000
583822.534771 2492946.000358 0.000000
583817.590457 2492946.746460 0.000000
583812.646144 2492947.492562 0.000000
583807.701831 2492948.238664 0.000000
583802.757518 2492948.984766 0.000000
583797.813204 2492949.730868 0.000000
583792.868891 2492950.476970 0.000000
583787.924578 2492951.223072 0.000000
583782.980264 2492951.969174 0.000000
583778.035951 2492952.715276 0.000000
583773.091638 2492953.461377 0.000000
583768.147324 2492954.207479 0.000000
583763.203011 2492954.953581 0.000000
583758.258698 2492955.699683 0.000000
583753.314385 2492956.445785 0.000000
583748.370071 2492957.191887 0.000000
583743.425758 2492957.937989 0.000000
583738.481445 2492958.684091 0.000000
583733.537131 2492959.430193 0.000000
583728.592818 2492960.176295 0.000000
583723.648505 2492960.922397 0.000000
583718.704191 2492961.668499 0.000000
583713.759878 2492962.414601 0.000000
583708.815565 2492963.160702 0.000000
583703.871252 2492963.906804 0.000000
583698.926938 2492964.652906 0.000000
583693.982625 2492965.399008 0.000000
583689.038312 2492966.145110 0.000000
583684.093998 2492966.891212 0.000000
583679.149685 2492967.637314 0.000000
583674.205372 2492968.383416 0.000000
583669.261058 2492969.129518 0.000000
583664.316745 2492969.875620 0.000000
583659.372432 2492970.621722 0.000000
583654.428119 2492971.367824 0.000000
583649.483805 2492972.113925 0.000000
583644.539492 2492972.860027 0.000000
583639.595179 2492973.606129 0.000000
583634.650865 2492974.352231 0.000000
583629.706552 2492975.098333 0.000000
583624.762239 2492975.844435 0.000000
583619.817925 2492976.590537 0.000000
583614.873612 2492977.336639 0.000000
583609.929299 2492978.082741 0.000000
583604.984986 2492978.828843 0.000000
583600.040672 2492979.574945 0.000000
583595.096359 2492980.321047 0.000000
583590.152046 2492981.067149 0.000000
583585.207732 2492981.813250 0.000000
583580.263419 2492982.559352 0.000000
583575.319106 2492983.305454 0.000000
583570.374792 2492984.051556 0.000000
583565.430479 2492984.797658 0.000000
583560.486166 2492985.543760 0.000000
583555.541853 2492986.289862 0.000000
583550.597539 2492987.035964 0.000000
583545.653226 2492987.782066 0.000000
583540.708913 2492988.528168 0.000000
583535.764599 2492989.274270 0.000000
583530.820286 2492990.020372 0.000000
583525.875973 2492990.766474 0.000000
583520.931659 2492991.512575 0.000000
583515.987346 2492992.258677 0.000000
583511.043033 2492993.004779 0.000000
583506.098719 2492993.750881 0.000000
583501.154406 2492994.496983 0.000000
583496.210093 2492995.243085 0.000000
583491.265780 2492995.989187 0.000000
583486.321466 2492996.735289 0.000000
583481.377153 2492997.481391 0.000000
583476.432840 2492998.227493 0.000000
583471.488526 2492998.973595 0.000000
583466.544213 2492999.719697 0.000000
583461.599900 2493000.465798 0.000000
583456.655586 2493001.211900 0.000000
583451.711273 2493001.958002 0.000000
583446.766960 2493002.704104 0.000000
583441.822647 2493003.450206 0.000000
583436.878333 2493004.196308 0.000000
583431.934020 2493004.942410 0.000000
583426.989707 2493005.688512 0.000000
583422.045393 2493006.434614 0.000000
583417.101080 2493007.180716 0.000000
583412.156767 2493007.926818 0.000000
583407.212453 2493008.672920 0.000000
583402.268140 2493009.419022 0.000000
583397.323827 2493010.165123 0.000000
583392.379514 2493010.911225 0.000000
583387.435200 2493011.657327 0.000000
583382.490887 2493012.403429 0.000000
583377.546574 2493013.149531 0.000000
583372.602260 2493013.895633 0.000000
583367.657947 2493014.641735 0.000000
583362.713634 2493015.387837 0.000000
583357.769320 2493016.133939 0.000000
583352.825007 2493016.880041 0.000000
583347.880694 2493017.626143 0.000000
583342.936381 2493018.372245 0.000000
583337.992067 2493019.118346 0.000000
583333.047754 2493019.864448 0.000000
583328.103441 2493020.610550 0.000000
583323.159127 2493021.356652 0.000000
583318.214814 2493022.102754 0.000000
583313.270501 2493022.848856 0.000000
583308.326187 2493023.594958 0.000000
583303.381874 2493024.341060 0.000000
583298.437561 2493025.087162 0.000000
583293.493248 2493025.833264 0.000000
583288.548934 2493026.579366 0.000000
583283.604621 2493027.325468 0.000000
583278.660308 2493028.071570 0.000000
583273.715994 2493028.817671 0.000000
583268.771681 2493029.563773 0.000000
583263.827368 2493030.309875 0.000000
583258.883054 2493031.055977 0.000000
583253.938741 2493031.802079 0.000000
583248.994428 2493032.548181 0.000000
583244.050115 2493033.294283 0.000000
583239.105801 2493034.040385 0.000000
583234.161488 2493034.786487 0.000000
583229.217175 2493035.532589 0.000000
583224.272861 2493036.278691 0.000000
583219.328548 2493037.024793 0.000000
583214.384235 2493037.770894 0.000000
583209.439921 2493038.516996 0.000000
583204.495608 2493039.263098 0.000000
583199.551295 2493040.009200 0.000000
583194.606982 2493040.755302 0.000000
583189.662668 2493041.501404 0.000000
583184.718355 2493042.247506 0.000000
583179.774042 2493042.993608 0.000000
583174.829728 2493043.739710 0.000000
583169.885415 2493044.485812 0.000000
583164.941102 2493045.231914 0.000000
583159.996788 2493045.978016 0.000000
583155.052475 2493046.724118 0.000000
583150.108162 2493047.470219 0.000000
583145.163849 2493048.216321 0.000000
583140.219535 2493048.962423 0.000000
583135.275222 2493049.708525 0.000000
583130.330909 2493050.454627 0.000000
583125.386595 2493051.200729 0.000000
583120.442282 2493051.946831 0.000000
583115.497969 2493052.692933 0.000000
583110.553655 2493053.439035 0.000000
583105.609342 2493054.185137 0.000000
583100.665029 2493054.931239 0.000000
583095.720716 2493055.677341 0.000000
583090.776402 2493056.423443 0.000000
583085.832089 2493057.169544 0.000000
583080.887776 2493057.915646 0.000000
583075.943462 2493058.661748 0.000000
583070.999149 2493059.407850 0.000000
583066.054836 2493060.153952 0.000000
583061.110522 2493060.900054 0.000000
583056.166209 2493061.646156 0.000000
583051.221896 2493062.392258 0.000000
583046.277583 2493063.138360 0.000000
583041.333269 2493063.884462 0.000000
583036.388956 2493064.630564 0.000000
583031.444643 2493065.376666 0.000000
583026.500329 2493066.122767 0.000000
583021.556016 2493066.868869 0.000000
583016.611703 2493067.614971 0.000000
583011.667389 2493068.361073 0.000000
583006.723076 2493069.107175 0.000000
583001.778763 2493069.853277 0.000000
582996.834449 2493070.599379 0.000000
582991.890136 2493071.345481 0.000000
582986.945823 2493072.091583 0.000000
582982.001510 2493072.837685 0.000000
582977.057196 2493073.583787 0.000000
582972.112883 2493074.329889 0.000000
582967.168570 2493075.075991 0.000000
582962.224256 2493075.822092 0.000000
582957.279943 2493076.568194 0.000000
582952.335630 2493077.314296 0.000000
582947.391316 2493078.060398 0.000000
582942.447003 2493078.806500 0.000000
582937.502690 2493079.552602 0.000000
582932.558377 2493080.298704 0.000000
582927.614063 2493081.044806 0.000000
582922.669750 2493081.790908 0.000000
582917.725437 2493082.537010 0.000000
582912.781123 2493083.283112 0.000000
582907.836810 2493084.029214 0.000000
582902.892497 2493084.775315 0.000000
582897.948183 2493085.521417 0.000000
582893.003870 2493086.267519 0.000000
582888.059557 2493087.013621 0.000000
582883.115244 2493087.759723 0.000000
582878.170930 2493088.505825 0.000000
582873.226617 2493089.251927 0.000000
582868.282304 2493089.998029 0.000000
582863.337990 2493090.744131 0.000000
582858.393677 2493091.490233 0.000000
582853.449364 2493092.236335 0.000000
582848.505050 2493092.982437 0.000000
582843.560737 2493093.728539 0.000000
582838.616424 2493094.474640 0.000000
582833.672111 2493095.220742 0.000000
582828.727797 2493095.966844 0.000000
582823.783484 2493096.712946 0.000000
582818.839171 2493097.459048 0.000000
582813.894857 2493098.205150 0.000000
582808.950544 2493098.951252 0.000000
582804.006231 2493099.697354 0.000000
582799.061917 2493100.443456 0.000000
582794.117604 2493101.189558 0.000000
582789.173291 2493101.935660 0.000000
582784.228978 2493102.681762 0.000000
582779.284664 2493103.427864 0.000000
582774.340351 2493104.173965 0.000000
582769.396038 2493104.920067 0.000000
582764.451724 2493105.666169 0.000000
582759.507411 2493106.412271 0.000000
582754.563098 2493107.158373 0.000000
582749.618784 2493107.904475 0.000000
582744.674471 2493108.650577 0.000000
582739.730158 2493109.396679 0.000000
582734.785845 2493110.142781 0.000000
582729.841531 2493110.888883 0.000000
582724.897218 2493111.634985 0.000000
582719.952905 2493112.381087 0.000000
582715.008591 2493113.127188 0.000000
582710.064278 2493113.873290 0.000000
582705.119965 2493114.619392 0.000000
582700.175651 2493115.365494 0.000000
582695.231338 2493116.111596 0.000000
582690.287025 2493116.857698 0.000000
582685.342712 2493117.603800 0.000000
582680.398398 2493118.349902 0.000000
582675.454085 2493119.096004 0.000000
582670.509772 2493119.842106 0.000000
582665.565458 2493120.588208 0.000000
582660.621145 2493121.334310 0.000000
582655.676832 2493122.080412 0.000000
582650.732518 2493122.826513 0.000000
582645.788205 2493123.572615 0.000000
582640.843892 2493124.318717 0.000000
582635.899579 2493125.064819 0.000000
582630.955265 2493125.810921 0.000000
582626.010952 2493126.557023 0.000000
582621.066639 2493127.303125 0.000000
582616.122325 2493128.049227 0.000000
582611.178012 2493128.795329 0.000000
582606.233699 2493129.541431 0.000000
582601.289385 2493130.287533 0.000000
582596.345072 2493131.033635 0.000000
582591.400759 2493131.779736 0.000000
582586.456446 2493132.525838 0.000000
582581.512132 2493133.271940 0.000000
582576.567819 2493134.018042 0.000000
582571.623506 2493134.764144 0.000000
582566.679192 2493135.510246 0.000000
582561.734879 2493136.256348 0.000000
582556.790566 2493137.002450 0.000000
582551.846252 2493137.748552 0.000000
582546.901939 2493138.494654 0.000000
582541.957626 2493139.240756 0.000000
582537.013313 2493139.986858 0.000000
582532.068999 2493140.732960 0.000000
582527.124686 2493141.479061 0.000000
582522.180373 2493142.225163 0.000000
582517.236059 2493142.971265 0.000000
582512.291746 2493143.717367 0.000000
582507.347433 2493144.463469 0.000000
582502.403119 2493145.209571 0.000000
582497.458806 2493145.955673 0.000000
582492.514493 2493146.701775 0.000000
582487.570180 2493147.447877 0.000000
582482.625866 2493148.193979 0.000000
582477.681553 2493148.940081 0.000000
582472.737240 2493149.686183 0.000000
582467.792926 2493150.432284 0.000000
582462.848613 2493151.178386 0.000000
582457.904300 2493151.924488 0.000000
582452.959986 2493152.670590 0.000000
582448.015673 2493153.416692 0.000000
582443.071360 2493154.162794 0.000000
582438.127046 2493154.908896 0.000000
582433.182733 2493155.654998 0.000000
582428.238420 2493156.401100 0.000000
582423.294107 2493157.147202 0.000000
582418.349793 2493157.893304 0.000000
582413.405480 2493158.639406 0.000000
582408.461167 2493159.385508 0.000000
582403.516853 2493160.131609 0.000000
582398.572540 2493160.877711 0.000000
582393.628227 2493161.623813 0.000000
582388.683913 2493162.369915 0.000000
582383.739600 2493163.116017 0.000000
582378.795287 2493163.862119 0.000000
582373.850974 2493164.608221 0.000000
582368.906660 2493165.354323 0.000000
582363.962347 2493166.100425 0.000000
582359.018034 2493166.846527 0.000000
582354.073720 2493167.592629 0.000000
582349.129407 2493168.338731 0.000000
582344.185094 2493169.084833 0.000000
582339.240780 2493169.830934 0.000000
582334.296467 2493170.577036 0.000000
582329.352154 2493171.323138 0.000000
582324.407841 2493172.069240 0.000000
582319.463527 2493172.815342 0.000000
582314.519214 2493173.561444 0.000000
582309.574901 2493174.307546 0.000000
582304.630587 2493175.053648 0.000000
582299.686274 2493175.799750 0.000000
582294.741961 2493176.545852 0.000000
582289.797647 2493177.291954 0.000000
582284.853334 2493178.038056 0.000000
582279.909021 2493178.784157 0.000000
582274.964708 2493179.530259 0.000000
582270.020394 2493180.276361 0.000000
582265.076081 2493181.022463 0.000000
582260.131768 2493181.768565 0.000000
582255.187454 2493182.514667 0.000000
582250.243141 2493183.260769 0.000000
582245.298828 2493184.006871 0.000000
582240.354514 2493184.752973 0.000000
582235.410201 2493185.499075 0.000000
582230.465888 2493186.245177 0.000000
582225.521575 2493186.991279 0.000000
582220.577261 2493187.737381 0.000000
582215.632948 2493188.483482 0.000000
582210.688635 2493189.229584 0.000000
582205.744321 2493189.975686 0.000000
582200.800008 2493190.721788 0.000000
582195.855695 2493191.467890 0.000000
582190.911381 2493192.213992 0.000000
582185.967068 2493192.960094 0.000000
582181.022755 2493193.706196 0.000000
582176.078442 2493194.452298 0.000000
582171.134128 2493195.198400 0.000000
582166.189815 2493195.944502 0.000000
582161.245502 2493196.690604 0.000000
582156.301188 2493197.436705 0.000000
582151.356875 2493198.182807 0.000000
582146.412562 2493198.928909 0.000000
582141.468248 2493199.675011 0.000000
582136.523935 2493200.421113 0.000000
582131.579622 2493201.167215 0.000000
582126.635309 2493201.913317 0.000000
582121.690995 2493202.659419 0.000000
582116.746682 2493203.405521 0.000000
582111.802369 2493204.151623 0.000000
582106.858055 2493204.897725 0.000000
582101.913742 2493205.643827 0.000000
582096.969429 2493206.389929 0.000000
582092.025115 2493207.136030 0.000000
582087.080802 2493207.882132 0.000000
582082.136489 2493208.628234 0.000000
582077.192176 2493209.374336 0.000000
582072.247862 2493210.120438 0.000000
582067.303549 2493210.866540 0.000000
582062.359236 2493211.612642 0.000000
582057.414922 2493212.358744 0.000000
582052.470609 2493213.104846 0.000000
582047.526296 2493213.850948 0.000000
582042.581982 2493214.597050 0.000000
582037.637669 2493215.343152 0.000000
582032.693356 2493216.089253 0.000000
582027.749043 2493216.835355 0.000000
582022.804729 2493217.581457 0.000000
582017.860416 2493218.327559 0.000000
582012.916103 2493219.073661 0.000000
582007.971789 2493219.819763 0.000000
582003.027476 2493220.565865 0.000000
581998.083163 2493221.311967 0.000000
581993.138849 2493222.058069 0.000000
581988.194536 2493222.804171 0.000000
581983.250223 2493223.550273 0.000000
581978.305910 2493224.296375 0.000000
581973.361596 2493225.042477 0.000000
581968.417283 2493225.788578 0.000000
581963.472970 2493226.534680 0.000000
581958.528656 2493227.280782 0.000000
581953.584343 2493228.026884 0.000000
581948.640030 2493228.772986 0.000000
581943.695716 2493229.519088 0.000000
581938.751403 2493230.265190 0.000000
581933.807090 2493231.011292 0.000000
581928.862776 2493231.757394 0.000000
581923.918463 2493232.503496 0.000000
581918.974150 2493233.249598 0.000000
581914.029837 2493233.995700 0.000000
581909.085523 2493234.741802 0.000000
581904.141210 2493235.487903 0.000000
581899.196897 2493236.234005 0.000000
581894.252583 2493236.980107 0.000000
581889.308270 2493237.726209 0.000000
581884.363957 2493238.472311 0.000000
581879.419643 2493239.218413 0.000000
581874.475330 2493239.964515 0.000000
581869.531017 2493240.710617 0.000000
581864.586704 2493241.456719 0.000000
581859.642390 2493242.202821 0.000000
581854.698077 2493242.948923 0.000000
581849.753764 2493243.695025 0.000000
581844.809450 2493244.441126 0.000000
581839.865137 2493245.187228 0.000000
581834.920824 2493245.933330 0.000000
581829.976510 2493246.679432 0.000000
581825.032197 2493247.425534 0.000000
581820.087884 2493248.171636 0.000000
581815.143571 2493248.917738 0.000000
581810.199257 2493249.663840 0.000000
581805.254944 2493250.409942 0.000000
581800.310631 2493251.156044 0.000000
581795.366317 2493251.902146 0.000000
581790.422004 2493252.648248 0.000000
581785.477691 2493253.394350 0.000000
581780.533377 2493254.140451 0.000000
581775.589064 2493254.886553 0.000000
581770.644751 2493255.632655 0.000000
581765.700438 2493256.378757 0.000000
581760.756124 2493257.124859 0.000000
581755.811811 2493257.870961 0.000000
581750.867498 2493258.617063 0.000000
581745.923184 2493259.363165 0.000000
581740.978871 2493260.109267 0.000000
581736.034558 2493260.855369 0.000000
581731.090244 2493261.601471 0.000000
581726.145931 2493262.347573 0.000000
581721.201618 2493263.093674 0.000000
581716.257305 2493263.839776 0.000000
581711.312991 2493264.585878 0.000000
581706.368678 2493265.331980 0.000000
581701.424365 2493266.078082 0.000000
581696.480051 2493266.824184 0.000000
581691.535738 2493267.570286 0.000000
581686.591425 2493268.316388 0.000000
581681.647111 2493269.062490 0.000000
581676.702798 2493269.808592 0.000000
581671.758485 2493270.554694 0.000000
581666.814172 2493271.300796 0.000000
581661.869858 2493272.046898 0.000000
581656.925545 2493272.792999 0.000000
581651.981232 2493273.539101 0.000000
581647.036918 2493274.285203 0.000000
581642.092605 2493275.031305 0.000000
581637.148292 2493275.777407 0.000000
581632.203978 2493276.523509 0.000000
581627.259665 2493277.269611 0.000000
581622.315352 2493278.015713 0.000000
581617.371039 2493278.761815 0.000000
581612.426725 2493279.507917 0.000000
581607.482412 2493280.254019 0.000000
581602.538099 2493281.000121 0.000000
581597.593785 2493281.746222 0.000000
581592.649472 2493282.492324 0.000000
581587.705159 2493283.238426 0.000000
581582.760845 2493283.984528 0.000000
581577.816532 2493284.730630 0.000000
581572.872219 2493285.476732 0.000000
581567.927906 2493286.222834 0.000000
581562.983592 2493286.968936 0.000000
581558.039279 2493287.715038 0.000000
581553.094966 2493288.461140 0.000000
581548.150652 2493289.207242 0.000000
581543.206339 2493289.953344 0.000000
581538.262026 2493290.699446 0.000000
581533.317712 2493291.445547 0.000000
581528.373399 2493292.191649 0.000000
581523.429086 2493292.937751 0.000000
581518.484773 2493293.683853 0.000000
581513.540459 2493294.429955 0.000000
581508.596146 2493295.176057 0.000000
581503.651833 2493295.922159 0.000000
581498.707519 2493296.668261 0.000000
581493.763206 2493297.414363 0.000000
581488.818893 2493298.160465 0.000000
581483.874579 2493298.906567 0.000000
581478.930266 2493299.652669 0.000000
581473.985953 2493300.398771 0.000000
581469.041640 2493301.144872 0.000000
581464.097326 2493301.890974 0.000000
581459.153013 2493302.637076 0.000000
581454.208700 2493303.383178 0.000000
581449.264386 2493304.129280 0.000000
581444.320073 2493304.875382 0.000000
581439.375760 2493305.621484 0.000000
581434.431446 2493306.367586 0.000000
581429.487133 2493307.113688 0.000000
581424.542820 2493307.859790 0.000000
581419.598507 2493308.605892 0.000000
581414.654193 2493309.351994 0.000000
581409.709880 2493310.098095 0.000000
581404.765567 2493310.844197 0.000000
581399.821253 2493311.590299 0.000000
581394.876940 2493312.336401 0.000000
581389.932627 2493313.082503 0.000000
581384.988313 2493313.828605 0.000000
581380.044000 2493314.574707 0.000000
581375.099687 2493315.320809 0.000000
581370.155373 2493316.066911 0.000000
581365.211060 2493316.813013 0.000000
581360.266747 2493317.559115 0.000000
581355.322434 2493318.305217 0.000000
581350.378120 2493319.051319 0.000000
581345.433807 2493319.797420 0.000000
581340.489494 2493320.543522 0.000000
581335.545180 2493321.289624 0.000000
581330.600867 2493322.035726 0.000000
581325.656554 2493322.781828 0.000000
581320.712240 2493323.527930 0.000000
581315.767927 2493324.274032 0.000000
581310.823614 2493325.020134 0.000000
581305.879301 2493325.766236 0.000000
581300.934987 2493326.512338 0.000000
581295.990674 2493327.258440 0.000000
581291.046361 2493328.004542 0.000000
581286.102047 2493328.750643 0.000000
581281.157734 2493329.496745 0.000000
581276.213421 2493330.242847 0.000000
581271.269107 2493330.988949 0.000000
581266.324794 2493331.735051 0.000000
581261.380481 2493332.481153 0.000000
581256.436168 2493333.227255 0.000000
581251.491854 2493333.973357 0.000000
581246.547541 2493334.719459 0.000000
581241.603228 2493335.465561 0.000000
581236.658914 2493336.211663 0.000000
581231.714601 2493336.957765 0.000000
581226.770288 2493337.703867 0.000000
581221.825974 2493338.449968 0.000000
581216.881661 2493339.196070 0.000000
581211.937348 2493339.942172 0.000000
581206.993035 2493340.688274 0.000000
581202.048721 2493341.434376 0.000000
581197.104408 2493342.180478 0.000000
581192.160095 2493342.926580 0.000000
581187.215781 2493343.672682 0.000000
581182.271468 2493344.418784 0.000000
581177.327155 2493345.164886 0.000000
581172.382841 2493345.910988 0.000000
581167.438528 2493346.657090 0.000000
581162.494215 2493347.403192 0.000000
581157.549902 2493348.149293 0.000000
581152.605588 2493348.895395 0.000000
581147.661275 2493349.641497 0.000000
581142.716962 2493350.387599 0.000000
581137.772648 2493351.133701 0.000000
581132.828335 2493351.879803 0.000000
581127.884022 2493352.625905 0.000000
581122.939708 2493353.372007 0.000000
581117.995395 2493354.118109 0.000000
581113.051082 2493354.864211 0.000000
581108.106769 2493355.610313 0.000000
581103.162455 2493356.356415 0.000000
581098.218142 2493357.102516 0.000000
581093.273829 2493357.848618 0.000000
581088.329515 2493358.594720 0.000000
581083.385202 2493359.340822 0.000000
581078.440889 2493360.086924 0.000000
581073.496575 2493360.833026 0.000000
581068.552262 2493361.579128 0.000000
581063.607949 2493362.325230 0.000000
581058.663636 2493363.071332 0.000000
581053.719322 2493363.817434 0.000000
581048.775009 2493364.563536 0.000000
581043.830696 2493365.309638 0.000000
581038.886382 2493366.055740 0.000000
581033.942069 2493366.801841 0.000000
581028.997756 2493367.547943 0.000000
581024.053442 2493368.294045 0.000000
581019.109129 2493369.040147 0.000000
581014.164816 2493369.786249 0.000000
581009.220503 2493370.532351 0.000000
581004.276189 2493371.278453 0.000000
580999.331876 2493372.024555 0.000000
580994.387563 2493372.770657 0.000000
580989.443249 2493373.516759 0.000000
580984.498936 2493374.262861 0.000000
580979.554623 2493375.008963 0.000000
580974.610309 2493375.755064 0.000000
580969.665996 2493376.501166 0.000000
580964.721683 2493377.247268 0.000000
580959.777370 2493377.993370 0.000000
580954.833056 2493378.739472 0.000000
580949.888743 2493379.485574 0.000000
580944.944430 2493380.231676 0.000000
580940.000116 2493380.977778 0.000000
580935.055803 2493381.723880 0.000000
