FFASCI 0 1 "LINES" 0 1e+10
FFATTR 0 1
->1
591691.037403 2473959.751777 0.000000
591686.052923 2473960.145129 0.000000
591681.068443 2473960.538481 0.000000
591676.083963 2473960.931832 0.000000
591671.099483 2473961.325184 0.000000
591666.115003 2473961.718536 0.000000
591661.130523 2473962.111888 0.000000
591656.146043 2473962.505240 0.000000
591651.161563 2473962.898592 0.000000
591646.177083 2473963.291943 0.000000
591641.192603 2473963.685295 0.000000
591636.208123 2473964.078647 0.000000
591631.223643 2473964.471999 0.000000
591626.239163 2473964.865351 0.000000
591621.254683 2473965.258702 0.000000
591616.270203 2473965.652054 0.000000
591611.285723 2473966.045406 0.000000
591606.301243 2473966.438758 0.000000
591601.316763 2473966.832110 0.000000
591596.332283 2473967.225461 0.000000
591591.347803 2473967.618813 0.000000
591586.363323 2473968.012165 0.000000
591581.378843 2473968.405517 0.000000
591576.394364 2473968.798869 0.000000
591571.409884 2473969.192221 0.000000
591566.425404 2473969.585572 0.000000
591561.440924 2473969.978924 0.000000
591556.456444 2473970.372276 0.000000
591551.471964 2473970.765628 0.000000
591546.487484 2473971.158980 0.000000
591541.503004 2473971.552331 0.000000
591536.518524 2473971.945683 0.000000
591531.534044 2473972.339035 0.000000
591526.549564 2473972.732387 0.000000
591521.565084 2473973.125739 0.000000
591516.580604 2473973.519090 0.000000
591511.596124 2473973.912442 0.000000
591506.611644 2473974.305794 0.000000
591501.627164 2473974.699146 0.000000
591496.642684 2473975.092498 0.000000
591491.658204 2473975.485850 0.000000
591486.673724 2473975.879201 0.000000
591481.689244 2473976.272553 0.000000
591476.704764 2473976.665905 0.000000
591471.720284 2473977.059257 0.000000
591466.735804 2473977.452609 0.000000
591461.751324 2473977.845960 0.000000
591456.766844 2473978.239312 0.000000
591451.782364 2473978.632664 0.000000
591446.797884 2473979.026016 0.000000
591441.813404 2473979.419368 0.000000
591436.828924 2473979.812719 0.000000
591431.844444 2473980.206071 0.000000
591426.859964 2473980.599423 0.000000
591421.875484 2473980.992775 0.000000
591416.891004 2473981.386127 0.000000
591411.906524 2473981.779479 0.000000
591406.922044 2473982.172830 0.000000
591401.937564 2473982.566182 0.000000
591396.953084 2473982.959534 0.000000
591391.968604 2473983.352886 0.000000
591386.984124 2473983.746238 0.000000
591381.999644 2473984.139589 0.000000
591377.015164 2473984.532941 0.000000
591372.030684 2473984.926293 0.000000
591367.046204 2473985.319645 0.000000
591362.061725 2473985.712997 0.000000
591357.077245 2473986.106348 0.000000
591352.092765 2473986.499700 0.000000
591347.108285 2473986.893052 0.000000
591342.123805 2473987.286404 0.000000
591337.139325 2473987.679756 0.000000
591332.154845 2473988.073108 0.000000
591327.170365 2473988.466459 0.000000
591322.185885 2473988.859811 0.000000
591317.201405 2473989.253163 0.000000
591312.216925 2473989.646515 0.000000
591307.232445 2473990.039867 0.000000
591302.247965 2473990.433218 0.000000
591297.263485 2473990.826570 0.000000
591292.279005 2473991.219922 0.000000
591287.294525 2473991.613274 0.000000
591282.310045 2473992.006626 0.000000
591277.325565 2473992.399978 0.000000
591272.341085 2473992.793329 0.000000
591267.356605 2473993.186681 0.000000
591262.372125 2473993.580033 0.000000
591257.387645 2473993.973385 0.000000
591252.403165 2473994.366737 0.000000
591247.418685 2473994.760088 0.000000
591242.434205 2473995.153440 0.000000
591237.449725 2473995.546792 0.000000
591232.465245 2473995.940144 0.000000
591227.480765 2473996.333496 0.000000
591222.496285 2473996.726847 0.000000
591217.511805 2473997.120199 0.000000
591212.527325 2473997.513551 0.000000
591207.542845 2473997.906903 0.000000
591202.558365 2473998.300255 0.000000
591197.573885 2473998.693607 0.000000
591192.589405 2473999.086958 0.000000
591187.604925 2473999.480310 0.000000
591182.620445 2473999.873662 0.000000
591177.635965 2474000.267014 0.000000
591172.651485 2474000.660366 0.000000
591167.667005 2474001.053717 0.000000
591162.682525 2474001.447069 0.000000
591157.698045 2474001.840421 0.000000
591152.713565 2474002.233773 0.000000
591147.729086 2474002.627125 0.000000
591142.744606 2474003.020476 0.000000
591137.760126 2474003.413828 0.000000
591132.775646 2474003.807180 0.000000
591127.791166 2474004.200532 0.000000
591122.806686 2474004.593884 0.000000
591117.822206 2474004.987236 0.000000
591112.837726 2474005.380587 0.000000
591107.853246 2474005.773939 0.000000
591102.868766 2474006.167291 0.000000
591097.884286 2474006.560643 0.000000
591092.899806 2474006.953995 0.000000
591087.915326 2474007.347346 0.000000
591082.930846 2474007.740698 0.000000
591077.946366 2474008.134050 0.000000
591072.961886 2474008.527402 0.000000
591067.977406 2474008.920754 0.000000
591062.992926 2474009.314105 0.000000
591058.008446 2474009.707457 0.000000
591053.023966 2474010.100809 0.000000
591048.039486 2474010.494161 0.000000
591043.055006 2474010.887513 0.000000
591038.070526 2474011.280865 0.000000
591033.086046 2474011.674216 0.000000
591028.101566 2474012.067568 0.000000
591023.117086 2474012.460920 0.000000
591018.132606 2474012.854272 0.000000
591013.148126 2474013.247624 0.000000
591008.163646 2474013.640975 0.000000
591003.179166 2474014.034327 0.000000
590998.194686 2474014.427679 0.000000
590993.210206 2474014.821031 0.000000
590988.225726 2474015.214383 0.000000
590983.241246 2474015.607734 0.000000
590978.256766 2474016.001086 0.000000
590973.272286 2474016.394438 0.000000
590968.287806 2474016.787790 0.000000
590963.303326 2474017.181142 0.000000
590958.318846 2474017.574494 0.000000
590953.334366 2474017.967845 0.000000
590948.349886 2474018.361197 0.000000
590943.365406 2474018.754549 0.000000
590938.380926 2474019.147901 0.000000
590933.396447 2474019.541253 0.000000
590928.411967 2474019.934604 0.000000
590923.427487 2474020.327956 0.000000
590918.443007 2474020.721308 0.000000
590913.458527 2474021.114660 0.000000
590908.474047 2474021.508012 0.000000
590903.489567 2474021.901363 0.000000
590898.505087 2474022.294715 0.000000
590893.520607 2474022.688067 0.000000
590888.536127 2474023.081419 0.000000
590883.551647 2474023.474771 0.000000
590878.567167 2474023.868123 0.000000
590873.582687 2474024.261474 0.000000
590868.598207 2474024.654826 0.000000
590863.613727 2474025.048178 0.000000
590858.629247 2474025.441530 0.000000
590853.644767 2474025.834882 0.000000
590848.660287 2474026.228233 0.000000
590843.675807 2474026.621585 0.000000
590838.691327 2474027.014937 0.000000
590833.706847 2474027.408289 0.000000
590828.722367 2474027.801641 0.000000
590823.737887 2474028.194993 0.000000
590818.753407 2474028.588344 0.000000
590813.768927 2474028.981696 0.000000
590808.784447 2474029.375048 0.000000
590803.799967 2474029.768400 0.000000
590798.815487 2474030.161752 0.000000
590793.831007 2474030.555103 0.000000
590788.846527 2474030.948455 0.000000
590783.862047 2474031.341807 0.000000
590778.877567 2474031.735159 0.000000
590773.893087 2474032.128511 0.000000
590768.908607 2474032.521862 0.000000
590763.924127 2474032.915214 0.000000
590758.939647 2474033.308566 0.000000
590753.955167 2474033.701918 0.000000
590748.970687 2474034.095270 0.000000
590743.986207 2474034.488622 0.000000
590739.001727 2474034.881973 0.000000
590734.017247 2474035.275325 0.000000
590729.032767 2474035.668677 0.000000
590724.048288 2474036.062029 0.000000
590719.063808 2474036.455381 0.000000
590714.079328 2474036.848732 0.000000
590709.094848 2474037.242084 0.000000
590704.110368 2474037.635436 0.000000
590699.125888 2474038.028788 0.000000
590694.141408 2474038.422140 0.000000
590689.156928 2474038.815491 0.000000
590684.172448 2474039.208843 0.000000
590679.187968 2474039.602195 0.000000
590674.203488 2474039.995547 0.000000
590669.219008 2474040.388899 0.000000
590664.234528 2474040.782251 0.000000
590659.250048 2474041.175602 0.000000
590654.265568 2474041.568954 0.000000
590649.281088 2474041.962306 0.000000
590644.296608 2474042.355658 0.000000
590639.312128 2474042.749010 0.000000
590634.327648 2474043.142361 0.000000
590629.343168 2474043.535713 0.000000
590624.358688 2474043.929065 0.000000
590619.374208 2474044.322417 0.000000
590614.389728 2474044.715769 0.000000
590609.405248 2474045.109120 0.000000
590604.420768 2474045.502472 0.000000
590599.436288 2474045.895824 0.000000
590594.451808 2474046.289176 0.000000
590589.467328 2474046.682528 0.000000
590584.482848 2474047.075880 0.000000
590579.498368 2474047.469231 0.000000
590574.513888 2474047.862583 0.000000
590569.529408 2474048.255935 0.000000
590564.544928 2474048.649287 0.000000
590559.560448 2474049.042639 0.000000
590554.575968 2474049.435990 0.000000
590549.591488 2474049.829342 0.000000
590544.607008 2474050.222694 0.000000
590539.622528 2474050.616046 0.000000
590534.638048 2474051.009398 0.000000
590529.653568 2474051.402749 0.000000
590524.669088 2474051.796101 0.000000
590519.684608 2474052.189453 0.000000
590514.700128 2474052.582805 0.000000
590509.715649 2474052.976157 0.000000
590504.731169 2474053.369509 0.000000
590499.746689 2474053.762860 0.000000
590494.762209 2474054.156212 0.000000
590489.777729 2474054.549564 0.000000
590484.793249 2474054.942916 0.000000
590479.808769 2474055.336268 0.000000
590474.824289 2474055.729619 0.000000
590469.839809 2474056.122971 0.000000
590464.855329 2474056.516323 0.000000
590459.870849 2474056.909675 0.000000
590454.886369 2474057.303027 0.000000
590449.901889 2474057.696378 0.000000
590444.917409 2474058.089730 0.000000
590439.932929 2474058.483082 0.000000
590434.948449 2474058.876434 0.000000
590429.963969 2474059.269786 0.000000
590424.979489 2474059.663138 0.000000
590419.995009 2474060.056489 0.000000
590415.010529 2474060.449841 0.000000
590410.026049 2474060.843193 0.000000
590405.041569 2474061.236545 0.000000
590400.057089 2474061.629897 0.000000
590395.072609 2474062.023248 0.000000
590390.088129 2474062.416600 0.000000
590385.103649 2474062.809952 0.000000
590380.119169 2474063.203304 0.000000
590375.134689 2474063.596656 0.000000
590370.150209 2474063.990007 0.000000
590365.165729 2474064.383359 0.000000
590360.181249 2474064.776711 0.000000
590355.196769 2474065.170063 0.000000
590350.212289 2474065.563415 0.000000
590345.227809 2474065.956767 0.000000
590340.243329 2474066.350118 0.000000
590335.258849 2474066.743470 0.000000
590330.274369 2474067.136822 0.000000
590325.289889 2474067.530174 0.000000
590320.305409 2474067.923526 0.000000
590315.320929 2474068.316877 0.000000
590310.336449 2474068.710229 0.000000
590305.351969 2474069.103581 0.000000
590300.367489 2474069.496933 0.000000
590295.383010 2474069.890285 0.000000
590290.398530 2474070.283637 0.000000
590285.414050 2474070.676988 0.000000
590280.429570 2474071.070340 0.000000
590275.445090 2474071.463692 0.000000
590270.460610 2474071.857044 0.000000
590265.476130 2474072.250396 0.000000
590260.491650 2474072.643747 0.000000
590255.507170 2474073.037099 0.000000
590250.522690 2474073.430451 0.000000
590245.538210 2474073.823803 0.000000
590240.553730 2474074.217155 0.000000
590235.569250 2474074.610506 0.000000
590230.584770 2474075.003858 0.000000
590225.600290 2474075.397210 0.000000
590220.615810 2474075.790562 0.000000
590215.631330 2474076.183914 0.000000
590210.646850 2474076.577266 0.000000
590205.662370 2474076.970617 0.000000
590200.677890 2474077.363969 0.000000
590195.693410 2474077.757321 0.000000
590190.708930 2474078.150673 0.000000
590185.724450 2474078.544025 0.000000
590180.739970 2474078.937376 0.000000
590175.755490 2474079.330728 0.000000
590170.771010 2474079.724080 0.000000
590165.786530 2474080.117432 0.000000
590160.802050 2474080.510784 0.000000
590155.817570 2474080.904135 0.000000
590150.833090 2474081.297487 0.000000
590145.848610 2474081.690839 0.000000
590140.864130 2474082.084191 0.000000
590135.879650 2474082.477543 0.000000
590130.895170 2474082.870895 0.000000
590125.910690 2474083.264246 0.000000
590120.926210 2474083.657598 0.000000
590115.941730 2474084.050950 0.000000
590110.957250 2474084.444302 0.000000
590105.972770 2474084.837654 0.000000
590100.988290 2474085.231005 0.000000
590096.003810 2474085.624357 0.000000
590091.019330 2474086.017709 0.000000
590086.034851 2474086.411061 0.000000
590081.050371 2474086.804413 0.000000
590076.065891 2474087.197764 0.000000
590071.081411 2474087.591116 0.000000
590066.096931 2474087.984468 0.000000
590061.112451 2474088.377820 0.000000
590056.127971 2474088.771172 0.000000
590051.143491 2474089.164524 0.000000
590046.159011 2474089.557875 0.000000
590041.174531 2474089.951227 0.000000
590036.190051 2474090.344579 0.000000
590031.205571 2474090.737931 0.000000
590026.221091 2474091.131283 0.000000
590021.236611 2474091.524634 0.000000
590016.252131 2474091.917986 0.000000
590011.267651 2474092.311338 0.000000
590006.283171 2474092.704690 0.000000
590001.298691 2474093.098042 0.000000
589996.314211 2474093.491393 0.000000
589991.329731 2474093.884745 0.000000
589986.345251 2474094.278097 0.000000
589981.360771 2474094.671449 0.000000
589976.376291 2474095.064801 0.000000
589971.391811 2474095.458153 0.000000
589966.407331 2474095.851504 0.000000
589961.422851 2474096.244856 0.000000
589956.438371 2474096.638208 0.000000
589951.453891 2474097.031560 0.000000
589946.469411 2474097.424912 0.000000
589941.484931 2474097.818263 0.000000
589936.500451 2474098.211615 0.000000
589931.515971 2474098.604967 0.000000
589926.531491 2474098.998319 0.000000
589921.547011 2474099.391671 0.000000
589916.562531 2474099.785022 0.000000
589911.578051 2474100.178374 0.000000
589906.593571 2474100.571726 0.000000
589901.609091 2474100.965078 0.000000
589896.624611 2474101.358430 0.000000
589891.640131 2474101.751782 0.000000
589886.655651 2474102.145133 0.000000
589881.671171 2474102.538485 0.000000
589876.686691 2474102.931837 0.000000
589871.702212 2474103.325189 0.000000
589866.717732 2474103.718541 0.000000
589861.733252 2474104.111892 0.000000
589856.748772 2474104.505244 0.000000
589851.764292 2474104.898596 0.000000
589846.779812 2474105.291948 0.000000
589841.795332 2474105.685300 0.000000
589836.810852 2474106.078652 0.000000
589831.826372 2474106.472003 0.000000
589826.841892 2474106.865355 0.000000
589821.857412 2474107.258707 0.000000
589816.872932 2474107.652059 0.000000
589811.888452 2474108.045411 0.000000
589806.903972 2474108.438762 0.000000
589801.919492 2474108.832114 0.000000
589796.935012 2474109.225466 0.000000
589791.950532 2474109.618818 0.000000
589786.966052 2474110.012170 0.000000
589781.981572 2474110.405521 0.000000
589776.997092 2474110.798873 0.000000
589772.012612 2474111.192225 0.000000
589767.028132 2474111.585577 0.000000
589762.043652 2474111.978929 0.000000
589757.059172 2474112.372281 0.000000
589752.074692 2474112.765632 0.000000
589747.090212 2474113.158984 0.000000
589742.105732 2474113.552336 0.000000
589737.121252 2474113.945688 0.000000
589732.136772 2474114.339040 0.000000
589727.152292 2474114.732391 0.000000
589722.167812 2474115.125743 0.000000
589717.183332 2474115.519095 0.000000
589712.198852 2474115.912447 0.000000
589707.214372 2474116.305799 0.000000
589702.229892 2474116.699150 0.000000
589697.245412 2474117.092502 0.000000
589692.260932 2474117.485854 0.000000
589687.276452 2474117.879206 0.000000
589682.291972 2474118.272558 0.000000
589677.307492 2474118.665910 0.000000
589672.323012 2474119.059261 0.000000
589667.338532 2474119.452613 0.000000
589662.354052 2474119.845965 0.000000
589657.369573 2474120.239317 0.000000
589652.385093 2474120.632669 0.000000
589647.400613 2474121.026020 0.000000
589642.416133 2474121.419372 0.000000
589637.431653 2474121.812724 0.000000
589632.447173 2474122.206076 0.000000
589627.462693 2474122.599428 0.000000
589622.478213 2474122.992779 0.000000
589617.493733 2474123.386131 0.000000
589612.509253 2474123.779483 0.000000
589607.524773 2474124.172835 0.000000
589602.540293 2474124.566187 0.000000
589597.555813 2474124.959539 0.000000
589592.571333 2474125.352890 0.000000
589587.586853 2474125.746242 0.000000
589582.602373 2474126.139594 0.000000
589577.617893 2474126.532946 0.000000
589572.633413 2474126.926298 0.000000
589567.648933 2474127.319649 0.000000
589562.664453 2474127.713001 0.000000
589557.679973 2474128.106353 0.000000
589552.695493 2474128.499705 0.000000
589547.711013 2474128.893057 0.000000
589542.726533 2474129.286408 0.000000
589537.742053 2474129.679760 0.000000
589532.757573 2474130.073112 0.000000
589527.773093 2474130.466464 0.000000
589522.788613 2474130.859816 0.000000
589517.804133 2474131.253168 0.000000
589512.819653 2474131.646519 0.000000
589507.835173 2474132.039871 0.000000
589502.850693 2474132.433223 0.000000
589497.866213 2474132.826575 0.000000
589492.881733 2474133.219927 0.000000
589487.897253 2474133.613278 0.000000
589482.912773 2474134.006630 0.000000
589477.928293 2474134.399982 0.000000
589472.943813 2474134.793334 0.000000
589467.959333 2474135.186686 0.000000
589462.974853 2474135.580037 0.000000
589457.990373 2474135.973389 0.000000
589453.005893 2474136.366741 0.000000
589448.021413 2474136.760093 0.000000
589443.036934 2474137.153445 0.000000
589438.052454 2474137.546797 0.000000
589433.067974 2474137.940148 0.000000
589428.083494 2474138.333500 0.000000
589423.099014 2474138.726852 0.000000
589418.114534 2474139.120204 0.000000
589413.130054 2474139.513556 0.000000
589408.145574 2474139.906907 0.000000
589403.161094 2474140.300259 0.000000
589398.176614 2474140.693611 0.000000
589393.192134 2474141.086963 0.000000
589388.207654 2474141.480315 0.000000
589383.223174 2474141.873667 0.000000
589378.238694 2474142.267018 0.000000
589373.254214 2474142.660370 0.000000
589368.269734 2474143.053722 0.000000
589363.285254 2474143.447074 0.000000
589358.300774 2474143.840426 0.000000
589353.316294 2474144.233777 0.000000
589348.331814 2474144.627129 0.000000
589343.347334 2474145.020481 0.000000
589338.362854 2474145.413833 0.000000
589333.378374 2474145.807185 0.000000
589328.393894 2474146.200536 0.000000
589323.409414 2474146.593888 0.000000
589318.424934 2474146.987240 0.000000
589313.440454 2474147.380592 0.000000
589308.455974 2474147.773944 0.000000
589303.471494 2474148.167296 0.000000
589298.487014 2474148.560647 0.000000
589293.502534 2474148.953999 0.000000
589288.518054 2474149.347351 0.000000
589283.533574 2474149.740703 0.000000
589278.549094 2474150.134055 0.000000
589273.564614 2474150.527406 0.000000
589268.580134 2474150.920758 0.000000
589263.595654 2474151.314110 0.000000
589258.611174 2474151.707462 0.000000
589253.626694 2474152.100814 0.000000
589248.642214 2474152.494165 0.000000
589243.657734 2474152.887517 0.000000
589238.673254 2474153.280869 0.000000
589233.688775 2474153.674221 0.000000
589228.704295 2474154.067573 0.000000
589223.719815 2474154.460925 0.000000
589218.735335 2474154.854276 0.000000
589213.750855 2474155.247628 0.000000
589208.766375 2474155.640980 0.000000
589203.781895 2474156.034332 0.000000
589198.797415 2474156.427684 0.000000
589193.812935 2474156.821035 0.000000
589188.828455 2474157.214387 0.000000
589183.843975 2474157.607739 0.000000
589178.859495 2474158.001091 0.000000
589173.875015 2474158.394443 0.000000
589168.890535 2474158.787794 0.000000
589163.906055 2474159.181146 0.000000
589158.921575 2474159.574498 0.000000
589153.937095 2474159.967850 0.000000
589148.952615 2474160.361202 0.000000
589143.968135 2474160.754554 0.000000
589138.983655 2474161.147905 0.000000
589133.999175 2474161.541257 0.000000
589129.014695 2474161.934609 0.000000
589124.030215 2474162.327961 0.000000
589119.045735 2474162.721313 0.000000
589114.061255 2474163.114664 0.000000
589109.076775 2474163.508016 0.000000
589104.092295 2474163.901368 0.000000
589099.107815 2474164.294720 0.000000
589094.123335 2474164.688072 0.000000
589089.138855 2474165.081423 0.000000
589084.154375 2474165.474775 0.000000
589079.169895 2474165.868127 0.000000
589074.185415 2474166.261479 0.000000
589069.200935 2474166.654831 0.000000
589064.216455 2474167.048183 0.000000
589059.231975 2474167.441534 0.000000
589054.247495 2474167.834886 0.000000
589049.263015 2474168.228238 0.000000
589044.278535 2474168.621590 0.000000
589039.294055 2474169.014942 0.000000
589034.309575 2474169.408293 0.000000
589029.325095 2474169.801645 0.000000
589024.340615 2474170.194997 0.000000
589019.356136 2474170.588349 0.000000
589014.371656 2474170.981701 0.000000
589009.387176 2474171.375052 0.000000
589004.402696 2474171.768404 0.000000
588999.418216 2474172.161756 0.000000
588994.433736 2474172.555108 0.000000
588989.449256 2474172.948460 0.000000
588984.464776 2474173.341812 0.000000
588979.480296 2474173.735163 0.000000
588974.495816 2474174.128515 0.000000
588969.511336 2474174.521867 0.000000
588964.526856 2474174.915219 0.000000
588959.542376 2474175.308571 0.000000
588954.557896 2474175.701922 0.000000
588949.573416 2474176.095274 0.000000
588944.588936 2474176.488626 0.000000
588939.604456 2474176.881978 0.000000
588934.619976 2474177.275330 0.000000
588929.635496 2474177.668681 0.000000
588924.651016 2474178.062033 0.000000
588919.666536 2474178.455385 0.000000
588914.682056 2474178.848737 0.000000
588909.697576 2474179.242089 0.000000
588904.713096 2474179.635441 0.000000
588899.728616 2474180.028792 0.000000
588894.744136 2474180.422144 0.000000
588889.759656 2474180.815496 0.000000
588884.775176 2474181.208848 0.000000
588879.790696 2474181.602200 0.000000
588874.806216 2474181.995551 0.000000
588869.821736 2474182.388903 0.000000
588864.837256 2474182.782255 0.000000
588859.852776 2474183.175607 0.000000
588854.868296 2474183.568959 0.000000
588849.883816 2474183.962311 0.000000
588844.899336 2474184.355662 0.000000
588839.914856 2474184.749014 0.000000
588834.930376 2474185.142366 0.000000
588829.945896 2474185.535718 0.000000
588824.961416 2474185.929070 0.000000
588819.976936 2474186.322421 0.000000
588814.992456 2474186.715773 0.000000
588810.007976 2474187.109125 0.000000
588805.023497 2474187.502477 0.000000
588800.039017 2474187.895829 0.000000
588795.054537 2474188.289180 0.000000
588790.070057 2474188.682532 0.000000
588785.085577 2474189.075884 0.000000
588780.101097 2474189.469236 0.000000
588775.116617 2474189.862588 0.000000
588770.132137 2474190.255940 0.000000
588765.147657 2474190.649291 0.000000
588760.163177 2474191.042643 0.000000
588755.178697 2474191.435995 0.000000
588750.194217 2474191.829347 0.000000
588745.209737 2474192.222699 0.000000
588740.225257 2474192.616050 0.000000
588735.240777 2474193.009402 0.000000
588730.256297 2474193.402754 0.000000
588725.271817 2474193.796106 0.000000
588720.287337 2474194.189458 0.000000
588715.302857 2474194.582809 0.000000
588710.318377 2474194.976161 0.000000
588705.333897 2474195.369513 0.000000
588700.349417 2474195.762865 0.000000
588695.364937 2474196.156217 0.000000
588690.380457 2474196.549569 0.000000
588685.395977 2474196.942920 0.000000
588680.411497 2474197.336272 0.000000
588675.427017 2474197.729624 0.000000
588670.442537 2474198.122976 0.000000
588665.458057 2474198.516328 0.000000
588660.473577 2474198.909679 0.000000
588655.489097 2474199.303031 0.000000
588650.504617 2474199.696383 0.000000
588645.520137 2474200.089735 0.000000
588640.535657 2474200.483087 0.000000
588635.551177 2474200.876438 0.000000
588630.566697 2474201.269790 0.000000
588625.582217 2474201.663142 0.000000
588620.597737 2474202.056494 0.000000
588615.613257 2474202.449846 0.000000
588610.628777 2474202.843198 0.000000
588605.644297 2474203.236549 0.000000
588600.659817 2474203.629901 0.000000
588595.675338 2474204.023253 0.000000
588590.690858 2474204.416605 0.000000
588585.706378 2474204.809957 0.000000
588580.721898 2474205.203308 0.000000
588575.737418 2474205.596660 0.000000
588570.752938 2474205.990012 0.000000
588565.768458 2474206.383364 0.000000
588560.783978 2474206.776716 0.000000
588555.799498 2474207.170067 0.000000
588550.815018 2474207.563419 0.000000
588545.830538 2474207.956771 0.000000
588540.846058 2474208.350123 0.000000
588535.861578 2474208.743475 0.000000
588530.877098 2474209.136827 0.000000
588525.892618 2474209.530178 0.000000
588520.908138 2474209.923530 0.000000
588515.923658 2474210.316882 0.000000
588510.939178 2474210.710234 0.000000
588505.954698 2474211.103586 0.000000
588500.970218 2474211.496937 0.000000
588495.985738 2474211.890289 0.000000
588491.001258 2474212.283641 0.000000
588486.016778 2474212.676993 0.000000
588481.032298 2474213.070345 0.000000
588476.047818 2474213.463696 0.000000
588471.063338 2474213.857048 0.000000
588466.078858 2474214.250400 0.000000
588461.094378 2474214.643752 0.000000
588456.109898 2474215.037104 0.000000
588451.125418 2474215.430456 0.000000
588446.140938 2474215.823807 0.000000
588441.156458 2474216.217159 0.000000
588436.171978 2474216.610511 0.000000
588431.187498 2474217.003863 0.000000
588426.203018 2474217.397215 0.000000
588421.218538 2474217.790566 0.000000
588416.234058 2474218.183918 0.000000
588411.249578 2474218.577270 0.000000
588406.265098 2474218.970622 0.000000
588401.280618 2474219.363974 0.000000
588396.296138 2474219.757326 0.000000
588391.311658 2474220.150677 0.000000
588386.327178 2474220.544029 0.000000
588381.342699 2474220.937381 0.000000
588376.358219 2474221.330733 0.000000
588371.373739 2474221.724085 0.000000
588366.389259 2474222.117436 0.000000
588361.404779 2474222.510788 0.000000
588356.420299 2474222.904140 0.000000
588351.435819 2474223.297492 0.000000
588346.451339 2474223.690844 0.000000
588341.466859 2474224.084195 0.000000
588336.482379 2474224.477547 0.000000
588331.497899 2474224.870899 0.000000
588326.513419 2474225.264251 0.000000
588321.528939 2474225.657603 0.000000
588316.544459 2474226.050955 0.000000
588311.559979 2474226.444306 0.000000
588306.575499 2474226.837658 0.000000
588301.591019 2474227.231010 0.000000
588296.606539 2474227.624362 0.000000
588291.622059 2474228.017714 0.000000
588286.637579 2474228.411065 0.000000
588281.653099 2474228.804417 0.000000
588276.668619 2474229.197769 0.000000
588271.684139 2474229.591121 0.000000
588266.699659 2474229.984473 0.000000
588261.715179 2474230.377824 0.000000
588256.730699 2474230.771176 0.000000
588251.746219 2474231.164528 0.000000
588246.761739 2474231.557880 0.000000
588241.777259 2474231.951232 0.000000
588236.792779 2474232.344584 0.000000
588231.808299 2474232.737935 0.000000
588226.823819 2474233.131287 0.000000
588221.839339 2474233.524639 0.000000
588216.854859 2474233.917991 0.000000
588211.870379 2474234.311343 0.000000
588206.885899 2474234.704694 0.000000
588201.901419 2474235.098046 0.000000
588196.916939 2474235.491398 0.000000
588191.932459 2474235.884750 0.000000
588186.947979 2474236.278102 0.000000
588181.963499 2474236.671453 0.000000
588176.979019 2474237.064805 0.000000
588171.994539 2474237.458157 0.000000
588167.010060 2474237.851509 0.000000
588162.025580 2474238.244861 0.000000
588157.041100 2474238.638213 0.000000
588152.056620 2474239.031564 0.000000
588147.072140 2474239.424916 0.000000
588142.087660 2474239.818268 0.000000
588137.103180 2474240.211620 0.000000
588132.118700 2474240.604972 0.000000
588127.134220 2474240.998323 0.000000
588122.149740 2474241.391675 0.000000
588117.165260 2474241.785027 0.000000
588112.180780 2474242.178379 0.000000
588107.196300 2474242.571731 0.000000
588102.211820 2474242.965082 0.000000
588097.227340 2474243.358434 0.000000
588092.242860 2474243.751786 0.000000
588087.258380 2474244.145138 0.000000
588082.273900 2474244.538490 0.000000
588077.289420 2474244.931842 0.000000
588072.304940 2474245.325193 0.000000
588067.320460 2474245.718545 0.000000
588062.335980 2474246.111897 0.000000
588057.351500 2474246.505249 0.000000
588052.367020 2474246.898601 0.000000
588047.382540 2474247.291952 0.000000
588042.398060 2474247.685304 0.000000
588037.413580 2474248.078656 0.000000
588032.429100 2474248.472008 0.000000
588027.444620 2474248.865360 0.000000
588022.460140 2474249.258711 0.000000
588017.475660 2474249.652063 0.000000
588012.491180 2474250.045415 0.000000
588007.506700 2474250.438767 0.000000
588002.522220 2474250.832119 0.000000
587997.537740 2474251.225471 0.000000
587992.553260 2474251.618822 0.000000
587987.568780 2474252.012174 0.000000
587982.584300 2474252.405526 0.000000
587977.599820 2474252.798878 0.000000
587972.615340 2474253.192230 0.000000
587967.630860 2474253.585581 0.000000
587962.646380 2474253.978933 0.000000
587957.661900 2474254.372285 0.000000
587952.677421 2474254.765637 0.000000
587947.692941 2474255.158989 0.000000
587942.708461 2474255.552341 0.000000
587937.723981 2474255.945692 0.000000
587932.739501 2474256.339044 0.000000
587927.755021 2474256.732396 0.000000
587922.770541 2474257.125748 0.000000
587917.786061 2474257.519100 0.000000
587912.801581 2474257.912451 0.000000
587907.817101 2474258.305803 0.000000
587902.832621 2474258.699155 0.000000
587897.848141 2474259.092507 0.000000
587892.863661 2474259.485859 0.000000
587887.879181 2474259.879210 0.000000
587882.894701 2474260.272562 0.000000
587877.910221 2474260.665914 0.000000
587872.925741 2474261.059266 0.000000
587867.941261 2474261.452618 0.000000
587862.956781 2474261.845970 0.000000
587857.972301 2474262.239321 0.000000
587852.987821 2474262.632673 0.000000
587848.003341 2474263.026025 0.000000
587843.018861 2474263.419377 0.000000
587838.034381 2474263.812729 0.000000
587833.049901 2474264.206080 0.000000
587828.065421 2474264.599432 0.000000
587823.080941 2474264.992784 0.000000
587818.096461 2474265.386136 0.000000
587813.111981 2474265.779488 0.000000
587808.127501 2474266.172839 0.000000
587803.143021 2474266.566191 0.000000
587798.158541 2474266.959543 0.000000
587793.174061 2474267.352895 0.000000
587788.189581 2474267.746247 0.000000
587783.205101 2474268.139599 0.000000
587778.220621 2474268.532950 0.000000
587773.236141 2474268.926302 0.000000
587768.251661 2474269.319654 0.000000
587763.267181 2474269.713006 0.000000
587758.282701 2474270.106358 0.000000
587753.298221 2474270.499709 0.000000
587748.313741 2474270.893061 0.000000
587743.329262 2474271.286413 0.000000
587738.344782 2474271.679765 0.000000
587733.360302 2474272.073117 0.000000
587728.375822 2474272.466468 0.000000
587723.391342 2474272.859820 0.000000
587718.406862 2474273.253172 0.000000
587713.422382 2474273.646524 0.000000
587708.437902 2474274.039876 0.000000
587703.453422 2474274.433228 0.000000
587698.468942 2474274.826579 0.000000
587693.484462 2474275.219931 0.000000
587688.499982 2474275.613283 0.000000
587683.515502 2474276.006635 0.000000
587678.531022 2474276.399987 0.000000
587673.546542 2474276.793338 0.000000
587668.562062 2474277.186690 0.000000
587663.577582 2474277.580042 0.000000
587658.593102 2474277.973394 0.000000
587653.608622 2474278.366746 0.000000
587648.624142 2474278.760097 0.000000
587643.639662 2474279.153449 0.000000
587638.655182 2474279.546801 0.000000
587633.670702 2474279.940153 0.000000
587628.686222 2474280.333505 0.000000
587623.701742 2474280.726857 0.000000
587618.717262 2474281.120208 0.000000
587613.732782 2474281.513560 0.000000
587608.748302 2474281.906912 0.000000
587603.763822 2474282.300264 0.000000
587598.779342 2474282.693616 0.000000
587593.794862 2474283.086967 0.000000
587588.810382 2474283.480319 0.000000
587583.825902 2474283.873671 0.000000
587578.841422 2474284.267023 0.000000
587573.856942 2474284.660375 0.000000
587568.872462 2474285.053726 0.000000
587563.887982 2474285.447078 0.000000
587558.903502 2474285.840430 0.000000
587553.919022 2474286.233782 0.000000
587548.934542 2474286.627134 0.000000
587543.950062 2474287.020486 0.000000
587538.965582 2474287.413837 0.000000
587533.981102 2474287.807189 0.000000
587528.996623 2474288.200541 0.000000
587524.012143 2474288.593893 0.000000
587519.027663 2474288.987245 0.000000
587514.043183 2474289.380596 0.000000
587509.058703 2474289.773948 0.000000
587504.074223 2474290.167300 0.000000
587499.089743 2474290.560652 0.000000
587494.105263 2474290.954004 0.000000
587489.120783 2474291.347355 0.000000
587484.136303 2474291.740707 0.000000
587479.151823 2474292.134059 0.000000
587474.167343 2474292.527411 0.000000
587469.182863 2474292.920763 0.000000
587464.198383 2474293.314115 0.000000
587459.213903 2474293.707466 0.000000
587454.229423 2474294.100818 0.000000
587449.244943 2474294.494170 0.000000
587444.260463 2474294.887522 0.000000
587439.275983 2474295.280874 0.000000
587434.291503 2474295.674225 0.000000
587429.307023 2474296.067577 0.000000
587424.322543 2474296.460929 0.000000
587419.338063 2474296.854281 0.000000
587414.353583 2474297.247633 0.000000
587409.369103 2474297.640985 0.000000
587404.384623 2474298.034336 0.000000
587399.400143 2474298.427688 0.000000
587394.415663 2474298.821040 0.000000
587389.431183 2474299.214392 0.000000
587384.446703 2474299.607744 0.000000
587379.462223 2474300.001095 0.000000
587374.477743 2474300.394447 0.000000
587369.493263 2474300.787799 0.000000
587364.508783 2474301.181151 0.000000
587359.524303 2474301.574503 0.000000
587354.539823 2474301.967854 0.000000
587349.555343 2474302.361206 0.000000
587344.570863 2474302.754558 0.000000
587339.586383 2474303.147910 0.000000
587334.601903 2474303.541262 0.000000
587329.617423 2474303.934614 0.000000
587324.632943 2474304.327965 0.000000
587319.648463 2474304.721317 0.000000
587314.663984 2474305.114669 0.000000
587309.679504 2474305.508021 0.000000
587304.695024 2474305.901373 0.000000
587299.710544 2474306.294724 0.000000
587294.726064 2474306.688076 0.000000
587289.741584 2474307.081428 0.000000
587284.757104 2474307.474780 0.000000
587279.772624 2474307.868132 0.000000
587274.788144 2474308.261483 0.000000
587269.803664 2474308.654835 0.000000
587264.819184 2474309.048187 0.000000
587259.834704 2474309.441539 0.000000
587254.850224 2474309.834891 0.000000
587249.865744 2474310.228243 0.000000
587244.881264 2474310.621594 0.000000
587239.896784 2474311.014946 0.000000
587234.912304 2474311.408298 0.000000
587229.927824 2474311.801650 0.000000
587224.943344 2474312.195002 0.000000
587219.958864 2474312.588353 0.000000
587214.974384 2474312.981705 0.000000
587209.989904 2474313.375057 0.000000
587205.005424 2474313.768409 0.000000
587200.020944 2474314.161761 0.000000
587195.036464 2474314.555112 0.000000
587190.051984 2474314.948464 0.000000
587185.067504 2474315.341816 0.000000
587180.083024 2474315.735168 0.000000
587175.098544 2474316.128520 0.000000
587170.114064 2474316.521872 0.000000
587165.129584 2474316.915223 0.000000
587160.145104 2474317.308575 0.000000
587155.160624 2474317.701927 0.000000
587150.176144 2474318.095279 0.000000
587145.191664 2474318.488631 0.000000
587140.207184 2474318.881982 0.000000
587135.222704 2474319.275334 0.000000
587130.238224 2474319.668686 0.000000
587125.253744 2474320.062038 0.000000
587120.269264 2474320.455390 0.000000
587115.284784 2474320.848741 0.000000
587110.300304 2474321.242093 0.000000
587105.315825 2474321.635445 0.000000
587100.331345 2474322.028797 0.000000
587095.346865 2474322.422149 0.000000
587090.362385 2474322.815501 0.000000
587085.377905 2474323.208852 0.000000
587080.393425 2474323.602204 0.000000
587075.408945 2474323.995556 0.000000
587070.424465 2474324.388908 0.000000
587065.439985 2474324.782260 0.000000
587060.455505 2474325.175611 0.000000
587055.471025 2474325.568963 0.000000
587050.486545 2474325.962315 0.000000
587045.502065 2474326.355667 0.000000
587040.517585 2474326.749019 0.000000
587035.533105 2474327.142370 0.000000
587030.548625 2474327.535722 0.000000
587025.564145 2474327.929074 0.000000
587020.579665 2474328.322426 0.000000
587015.595185 2474328.715778 0.000000
587010.610705 2474329.109130 0.000000
587005.626225 2474329.502481 0.000000
587000.641745 2474329.895833 0.000000
586995.657265 2474330.289185 0.000000
586990.672785 2474330.682537 0.000000
586985.688305 2474331.075889 0.000000
586980.703825 2474331.469240 0.000000
586975.719345 2474331.862592 0.000000
586970.734865 2474332.255944 0.000000
586965.750385 2474332.649296 0.000000
586960.765905 2474333.042648 0.000000
586955.781425 2474333.436000 0.000000
586950.796945 2474333.829351 0.000000
586945.812465 2474334.222703 0.000000
586940.827985 2474334.616055 0.000000
586935.843505 2474335.009407 0.000000
586930.859025 2474335.402759 0.000000
586925.874545 2474335.796110 0.000000
586920.890065 2474336.189462 0.000000
586915.905585 2474336.582814 0.000000
586910.921105 2474336.976166 0.000000
586905.936625 2474337.369518 0.000000
586900.952145 2474337.762869 0.000000
586895.967665 2474338.156221 0.000000
586890.983186 2474338.549573 0.000000
586885.998706 2474338.942925 0.000000
586881.014226 2474339.336277 0.000000
586876.029746 2474339.729629 0.000000
586871.045266 2474340.122980 0.000000
586866.060786 2474340.516332 0.000000
586861.076306 2474340.909684 0.000000
586856.091826 2474341.303036 0.000000
586851.107346 2474341.696388 0.000000
586846.122866 2474342.089739 0.000000
586841.138386 2474342.483091 0.000000
586836.153906 2474342.876443 0.000000
586831.169426 2474343.269795 0.000000
586826.184946 2474343.663147 0.000000
586821.200466 2474344.056498 0.000000
586816.215986 2474344.449850 0.000000
586811.231506 2474344.843202 0.000000
586806.247026 2474345.236554 0.000000
586801.262546 2474345.629906 0.000000
586796.278066 2474346.023258 0.000000
586791.293586 2474346.416609 0.000000
586786.309106 2474346.809961 0.000000
586781.324626 2474347.203313 0.000000
586776.340146 2474347.596665 0.000000
586771.355666 2474347.990017 0.000000
586766.371186 2474348.383368 0.000000
586761.386706 2474348.776720 0.000000
586756.402226 2474349.170072 0.000000
586751.417746 2474349.563424 0.000000
586746.433266 2474349.956776 0.000000
586741.448786 2474350.350127 0.000000
586736.464306 2474350.743479 0.000000
586731.479826 2474351.136831 0.000000
586726.495346 2474351.530183 0.000000
586721.510866 2474351.923535 0.000000
586716.526386 2474352.316887 0.000000
586711.541906 2474352.710238 0.000000
586706.557426 2474353.103590 0.000000
586701.572946 2474353.496942 0.000000
586696.588466 2474353.890294 0.000000
586691.603986 2474354.283646 0.000000
586686.619506 2474354.676997 0.000000
586681.635026 2474355.070349 0.000000
586676.650547 2474355.463701 0.000000
586671.666067 2474355.857053 0.000000
586666.681587 2474356.250405 0.000000
586661.697107 2474356.643756 0.000000
586656.712627 2474357.037108 0.000000
586651.728147 2474357.430460 0.000000
586646.743667 2474357.823812 0.000000
586641.759187 2474358.217164 0.000000
586636.774707 2474358.610516 0.000000
586631.790227 2474359.003867 0.000000
586626.805747 2474359.397219 0.000000
586621.821267 2474359.790571 0.000000
586616.836787 2474360.183923 0.000000
586611.852307 2474360.577275 0.000000
586606.867827 2474360.970626 0.000000
586601.883347 2474361.363978 0.000000
586596.898867 2474361.757330 0.000000
586591.914387 2474362.150682 0.000000
586586.929907 2474362.544034 0.000000
586581.945427 2474362.937385 0.000000
586576.960947 2474363.330737 0.000000
586571.976467 2474363.724089 0.000000
586566.991987 2474364.117441 0.000000
586562.007507 2474364.510793 0.000000
586557.023027 2474364.904145 0.000000
586552.038547 2474365.297496 0.000000
586547.054067 2474365.690848 0.000000
586542.069587 2474366.084200 0.000000
586537.085107 2474366.477552 0.000000
586532.100627 2474366.870904 0.000000
586527.116147 2474367.264255 0.000000
586522.131667 2474367.657607 0.000000
586517.147187 2474368.050959 0.000000
586512.162707 2474368.444311 0.000000
586507.178227 2474368.837663 0.000000
586502.193747 2474369.231015 0.000000
586497.209267 2474369.624366 0.000000
586492.224787 2474370.017718 0.000000
586487.240307 2474370.411070 0.000000
586482.255827 2474370.804422 0.000000
586477.271347 2474371.197774 0.000000
586472.286867 2474371.591125 0.000000
586467.302387 2474371.984477 0.000000
586462.317908 2474372.377829 0.000000
586457.333428 2474372.771181 0.000000
586452.348948 2474373.164533 0.000000
586447.364468 2474373.557884 0.000000
586442.379988 2474373.951236 0.000000
586437.395508 2474374.344588 0.000000
586432.411028 2474374.737940 0.000000
586427.426548 2474375.131292 0.000000
586422.442068 2474375.524644 0.000000
586417.457588 2474375.917995 0.000000
586412.473108 2474376.311347 0.000000
586407.488628 2474376.704699 0.000000
586402.504148 2474377.098051 0.000000
586397.519668 2474377.491403 0.000000
586392.535188 2474377.884754 0.000000
586387.550708 2474378.278106 0.000000
586382.566228 2474378.671458 0.000000
586377.581748 2474379.064810 0.000000
586372.597268 2474379.458162 0.000000
586367.612788 2474379.851513 0.000000
586362.628308 2474380.244865 0.000000
586357.643828 2474380.638217 0.000000
586352.659348 2474381.031569 0.000000
586347.674868 2474381.424921 0.000000
586342.690388 2474381.818273 0.000000
586337.705908 2474382.211624 0.000000
586332.721428 2474382.604976 0.000000
586327.736948 2474382.998328 0.000000
586322.752468 2474383.391680 0.000000
586317.767988 2474383.785032 0.000000
586312.783508 2474384.178383 0.000000
586307.799028 2474384.571735 0.000000
586302.814548 2474384.965087 0.000000
586297.830068 2474385.358439 0.000000
586292.845588 2474385.751791 0.000000
586287.861108 2474386.145142 0.000000
586282.876628 2474386.538494 0.000000
586277.892148 2474386.931846 0.000000
586272.907668 2474387.325198 0.000000
586267.923188 2474387.718550 0.000000
586262.938708 2474388.111902 0.000000
586257.954228 2474388.505253 0.000000
586252.969749 2474388.898605 0.000000
586247.985269 2474389.291957 0.000000
586243.000789 2474389.685309 0.000000
586238.016309 2474390.078661 0.000000
586233.031829 2474390.472012 0.000000
586228.047349 2474390.865364 0.000000
586223.062869 2474391.258716 0.000000
586218.078389 2474391.652068 0.000000
586213.093909 2474392.045420 0.000000
586208.109429 2474392.438771 0.000000
586203.124949 2474392.832123 0.000000
586198.140469 2474393.225475 0.000000
586193.155989 2474393.618827 0.000000
586188.171509 2474394.012179 0.000000
586183.187029 2474394.405531 0.000000
586178.202549 2474394.798882 0.000000
586173.218069 2474395.192234 0.000000
586168.233589 2474395.585586 0.000000
586163.249109 2474395.978938 0.000000
586158.264629 2474396.372290 0.000000
586153.280149 2474396.765641 0.000000
586148.295669 2474397.158993 0.000000
586143.311189 2474397.552345 0.000000
586138.326709 2474397.945697 0.000000
586133.342229 2474398.339049 0.000000
586128.357749 2474398.732400 0.000000
586123.373269 2474399.125752 0.000000
586118.388789 2474399.519104 0.000000
586113.404309 2474399.912456 0.000000
586108.419829 2474400.305808 0.000000
586103.435349 2474400.699160 0.000000
586098.450869 2474401.092511 0.000000
586093.466389 2474401.485863 0.000000
586088.481909 2474401.879215 0.000000
586083.497429 2474402.272567 0.000000
586078.512949 2474402.665919 0.000000
586073.528469 2474403.059270 0.000000
586068.543989 2474403.452622 0.000000
586063.559509 2474403.845974 0.000000
586058.575029 2474404.239326 0.000000
586053.590549 2474404.632678 0.000000
586048.606069 2474405.026029 0.000000
586043.621589 2474405.419381 0.000000
586038.637110 2474405.812733 0.000000
586033.652630 2474406.206085 0.000000
586028.668150 2474406.599437 0.000000
586023.683670 2474406.992789 0.000000
586018.699190 2474407.386140 0.000000
586013.714710 2474407.779492 0.000000
586008.730230 2474408.172844 0.000000
586003.745750 2474408.566196 0.000000
585998.761270 2474408.959548 0.000000
585993.776790 2474409.352899 0.000000
585988.792310 2474409.746251 0.000000
585983.807830 2474410.139603 0.000000
585978.823350 2474410.532955 0.000000
585973.838870 2474410.926307 0.000000
585968.854390 2474411.319659 0.000000
585963.869910 2474411.713010 0.000000
585958.885430 2474412.106362 0.000000
585953.900950 2474412.499714 0.000000
585948.916470 2474412.893066 0.000000
585943.931990 2474413.286418 0.000000
585938.947510 2474413.679769 0.000000
585933.963030 2474414.073121 0.000000
585928.978550 2474414.466473 0.000000
585923.994070 2474414.859825 0.000000
585919.009590 2474415.253177 0.000000
585914.025110 2474415.646528 0.000000
585909.040630 2474416.039880 0.000000
585904.056150 2474416.433232 0.000000
585899.071670 2474416.826584 0.000000
585894.087190 2474417.219936 0.000000
585889.102710 2474417.613288 0.000000
585884.118230 2474418.006639 0.000000
585879.133750 2474418.399991 0.000000
585874.149270 2474418.793343 0.000000
585869.164790 2474419.186695 0.000000
585864.180310 2474419.580047 0.000000
585859.195830 2474419.973398 0.000000
585854.211350 2474420.366750 0.000000
585849.226870 2474420.760102 0.000000
585844.242390 2474421.153454 0.000000
585839.257910 2474421.546806 0.000000
585834.273430 2474421.940157 0.000000
585829.288950 2474422.333509 0.000000
585824.304471 2474422.726861 0.000000
585819.319991 2474423.120213 0.000000
585814.335511 2474423.513565 0.000000
585809.351031 2474423.906917 0.000000
585804.366551 2474424.300268 0.000000
585799.382071 2474424.693620 0.000000
585794.397591 2474425.086972 0.000000
585789.413111 2474425.480324 0.000000
585784.428631 2474425.873676 0.000000
585779.444151 2474426.267027 0.000000
585774.459671 2474426.660379 0.000000
585769.475191 2474427.053731 0.000000
585764.490711 2474427.447083 0.000000
585759.506231 2474427.840435 0.000000
585754.521751 2474428.233786 0.000000
585749.537271 2474428.627138 0.000000
585744.552791 2474429.020490 0.000000
585739.568311 2474429.413842 0.000000
585734.583831 2474429.807194 0.000000
585729.599351 2474430.200546 0.000000
585724.614871 2474430.593897 0.000000
585719.630391 2474430.987249 0.000000
585714.645911 2474431.380601 0.000000
585709.661431 2474431.773953 0.000000
585704.676951 2474432.167305 0.000000
585699.692471 2474432.560656 0.000000
585694.707991 2474432.954008 0.000000
585689.723511 2474433.347360 0.000000
585684.739031 2474433.740712 0.000000
585679.754551 2474434.134064 0.000000
585674.770071 2474434.527415 0.000000
585669.785591 2474434.920767 0.000000
585664.801111 2474435.314119 0.000000
585659.816631 2474435.707471 0.000000
585654.832151 2474436.100823 0.000000
585649.847671 2474436.494175 0.000000
585644.863191 2474436.887526 0.000000
585639.878711 2474437.280878 0.000000
585634.894231 2474437.674230 0.000000
585629.909751 2474438.067582 0.000000
585624.925271 2474438.460934 0.000000
585619.940791 2474438.854285 0.000000
585614.956312 2474439.247637 0.000000
585609.971832 2474439.640989 0.000000
585604.987352 2474440.034341 0.000000
585600.002872 2474440.427693 0.000000
585595.018392 2474440.821044 0.000000
585590.033912 2474441.214396 0.000000
585585.049432 2474441.607748 0.000000
585580.064952 2474442.001100 0.000000
585575.080472 2474442.394452 0.000000
585570.095992 2474442.787804 0.000000
585565.111512 2474443.181155 0.000000
585560.127032 2474443.574507 0.000000
585555.142552 2474443.967859 0.000000
585550.158072 2474444.361211 0.000000
585545.173592 2474444.754563 0.000000
585540.189112 2474445.147914 0.000000
585535.204632 2474445.541266 0.000000
585530.220152 2474445.934618 0.000000
585525.235672 2474446.327970 0.000000
585520.251192 2474446.721322 0.000000
585515.266712 2474447.114674 0.000000
585510.282232 2474447.508025 0.000000
585505.297752 2474447.901377 0.000000
585500.313272 2474448.294729 0.000000
585495.328792 2474448.688081 0.000000
585490.344312 2474449.081433 0.000000
585485.359832 2474449.474784 0.000000
585480.375352 2474449.868136 0.000000
585475.390872 2474450.261488 0.000000
585470.406392 2474450.654840 0.000000
585465.421912 2474451.048192 0.000000
585460.437432 2474451.441543 0.000000
585455.452952 2474451.834895 0.000000
585450.468472 2474452.228247 0.000000
585445.483992 2474452.621599 0.000000
585440.499512 2474453.014951 0.000000
585435.515032 2474453.408303 0.000000
585430.530552 2474453.801654 0.000000
585425.546072 2474454.195006 0.000000
585420.561592 2474454.588358 0.000000
585415.577112 2474454.981710 0.000000
585410.592632 2474455.375062 0.000000
585405.608152 2474455.768413 0.000000
585400.623673 2474456.161765 0.000000
585395.639193 2474456.555117 0.000000
585390.654713 2474456.948469 0.000000
585385.670233 2474457.341821 0.000000
585380.685753 2474457.735172 0.000000
585375.701273 2474458.128524 0.000000
585370.716793 2474458.521876 0.000000
585365.732313 2474458.915228 0.000000
585360.747833 2474459.308580 0.000000
585355.763353 2474459.701932 0.000000
585350.778873 2474460.095283 0.000000
585345.794393 2474460.488635 0.000000
585340.809913 2474460.881987 0.000000
585335.825433 2474461.275339 0.000000
585330.840953 2474461.668691 0.000000
585325.856473 2474462.062042 0.000000
585320.871993 2474462.455394 0.000000
585315.887513 2474462.848746 0.000000
585310.903033 2474463.242098 0.000000
585305.918553 2474463.635450 0.000000
585300.934073 2474464.028801 0.000000
585295.949593 2474464.422153 0.000000
585290.965113 2474464.815505 0.000000
585285.980633 2474465.208857 0.000000
585280.996153 2474465.602209 0.000000
585276.011673 2474465.995561 0.000000
585271.027193 2474466.388912 0.000000
585266.042713 2474466.782264 0.000000
585261.058233 2474467.175616 0.000000
585256.073753 2474467.568968 0.000000
585251.089273 2474467.962320 0.000000
585246.104793 2474468.355671 0.000000
585241.120313 2474468.749023 0.000000
585236.135833 2474469.142375 0.000000
585231.151353 2474469.535727 0.000000
585226.166873 2474469.929079 0.000000
585221.182393 2474470.322430 0.000000
585216.197913 2474470.715782 0.000000
585211.213433 2474471.109134 0.000000
585206.228953 2474471.502486 0.000000
585201.244473 2474471.895838 0.000000
585196.259993 2474472.289190 0.000000
585191.275513 2474472.682541 0.000000
585186.291034 2474473.075893 0.000000
585181.306554 2474473.469245 0.000000
585176.322074 2474473.862597 0.000000
585171.337594 2474474.255949 0.000000
585166.353114 2474474.649300 0.000000
585161.368634 2474475.042652 0.000000
585156.384154 2474475.436004 0.000000
585151.399674 2474475.829356 0.000000
585146.415194 2474476.222708 0.000000
585141.430714 2474476.616059 0.000000
585136.446234 2474477.009411 0.000000
585131.461754 2474477.402763 0.000000
585126.477274 2474477.796115 0.000000
585121.492794 2474478.189467 0.000000
585116.508314 2474478.582819 0.000000
585111.523834 2474478.976170 0.000000
585106.539354 2474479.369522 0.000000
585101.554874 2474479.762874 0.000000
585096.570394 2474480.156226 0.000000
585091.585914 2474480.549578 0.000000
585086.601434 2474480.942929 0.000000
585081.616954 2474481.336281 0.000000
585076.632474 2474481.729633 0.000000
585071.647994 2474482.122985 0.000000
585066.663514 2474482.516337 0.000000
585061.679034 2474482.909689 0.000000
585056.694554 2474483.303040 0.000000
585051.710074 2474483.696392 0.000000
585046.725594 2474484.089744 0.000000
585041.741114 2474484.483096 0.000000
585036.756634 2474484.876448 0.000000
585031.772154 2474485.269799 0.000000
585026.787674 2474485.663151 0.000000
585021.803194 2474486.056503 0.000000
585016.818714 2474486.449855 0.000000
585011.834234 2474486.843207 0.000000
585006.849754 2474487.236558 0.000000
585001.865274 2474487.629910 0.000000
584996.880794 2474488.023262 0.000000
584991.896314 2474488.416614 0.000000
584986.911834 2474488.809966 0.000000
584981.927354 2474489.203318 0.000000
584976.942874 2474489.596669 0.000000
584971.958395 2474489.990021 0.000000
584966.973915 2474490.383373 0.000000
584961.989435 2474490.776725 0.000000
584957.004955 2474491.170077 0.000000
584952.020475 2474491.563428 0.000000
584947.035995 2474491.956780 0.000000
584942.051515 2474492.350132 0.000000
584937.067035 2474492.743484 0.000000
584932.082555 2474493.136836 0.000000
584927.098075 2474493.530187 0.000000
584922.113595 2474493.923539 0.000000
584917.129115 2474494.316891 0.000000
584912.144635 2474494.710243 0.000000
584907.160155 2474495.103595 0.000000
584902.175675 2474495.496947 0.000000
584897.191195 2474495.890298 0.000000
584892.206715 2474496.283650 0.000000
584887.222235 2474496.677002 0.000000
584882.237755 2474497.070354 0.000000
584877.253275 2474497.463706 0.000000
584872.268795 2474497.857057 0.000000
584867.284315 2474498.250409 0.000000
584862.299835 2474498.643761 0.000000
584857.315355 2474499.037113 0.000000
584852.330875 2474499.430465 0.000000
584847.346395 2474499.823816 0.000000
584842.361915 2474500.217168 0.000000
584837.377435 2474500.610520 0.000000
584832.392955 2474501.003872 0.000000
584827.408475 2474501.397224 0.000000
584822.423995 2474501.790576 0.000000
584817.439515 2474502.183927 0.000000
584812.455035 2474502.577279 0.000000
584807.470555 2474502.970631 0.000000
584802.486075 2474503.363983 0.000000
584797.501595 2474503.757335 0.000000
584792.517115 2474504.150686 0.000000
584787.532635 2474504.544038 0.000000
584782.548155 2474504.937390 0.000000
584777.563675 2474505.330742 0.000000
584772.579195 2474505.724094 0.000000
584767.594715 2474506.117445 0.000000
584762.610236 2474506.510797 0.000000
584757.625756 2474506.904149 0.000000
584752.641276 2474507.297501 0.000000
584747.656796 2474507.690853 0.000000
584742.672316 2474508.084205 0.000000
584737.687836 2474508.477556 0.000000
584732.703356 2474508.870908 0.000000
584727.718876 2474509.264260 0.000000
584722.734396 2474509.657612 0.000000
584717.749916 2474510.050964 0.000000
584712.765436 2474510.444315 0.000000
584707.780956 2474510.837667 0.000000
584702.796476 2474511.231019 0.000000
584697.811996 2474511.624371 0.000000
584692.827516 2474512.017723 0.000000
584687.843036 2474512.411074 0.000000
584682.858556 2474512.804426 0.000000
584677.874076 2474513.197778 0.000000
584672.889596 2474513.591130 0.000000
584667.905116 2474513.984482 0.000000
584662.920636 2474514.377834 0.000000
584657.936156 2474514.771185 0.000000
584652.951676 2474515.164537 0.000000
584647.967196 2474515.557889 0.000000
584642.982716 2474515.951241 0.000000
584637.998236 2474516.344593 0.000000
584633.013756 2474516.737944 0.000000
584628.029276 2474517.131296 0.000000
584623.044796 2474517.524648 0.000000
584618.060316 2474517.918000 0.000000
584613.075836 2474518.311352 0.000000
584608.091356 2474518.704703 0.000000
584603.106876 2474519.098055 0.000000
584598.122396 2474519.491407 0.000000
584593.137916 2474519.884759 0.000000
584588.153436 2474520.278111 0.000000
584583.168956 2474520.671463 0.000000
584578.184476 2474521.064814 0.000000
584573.199996 2474521.458166 0.000000
584568.215516 2474521.851518 0.000000
584563.231036 2474522.244870 0.000000
584558.246556 2474522.638222 0.000000
584553.262076 2474523.031573 0.000000
584548.277597 2474523.424925 0.000000
584543.293117 2474523.818277 0.000000
584538.308637 2474524.211629 0.000000
584533.324157 2474524.604981 0.000000
584528.339677 2474524.998333 0.000000
584523.355197 2474525.391684 0.000000
584518.370717 2474525.785036 0.000000
584513.386237 2474526.178388 0.000000
584508.401757 2474526.571740 0.000000
584503.417277 2474526.965092 0.000000
584498.432797 2474527.358443 0.000000
584493.448317 2474527.751795 0.000000
584488.463837 2474528.145147 0.000000
584483.479357 2474528.538499 0.000000
584478.494877 2474528.931851 0.000000
584473.510397 2474529.325202 0.000000
584468.525917 2474529.718554 0.000000
584463.541437 2474530.111906 0.000000
584458.556957 2474530.505258 0.000000
584453.572477 2474530.898610 0.000000
584448.587997 2474531.291962 0.000000
584443.603517 2474531.685313 0.000000
584438.619037 2474532.078665 0.000000
584433.634557 2474532.472017 0.000000
584428.650077 2474532.865369 0.000000
584423.665597 2474533.258721 0.000000
584418.681117 2474533.652072 0.000000
584413.696637 2474534.045424 0.000000
584408.712157 2474534.438776 0.000000
584403.727677 2474534.832128 0.000000
584398.743197 2474535.225480 0.000000
584393.758717 2474535.618831 0.000000
584388.774237 2474536.012183 0.000000
584383.789757 2474536.405535 0.000000
584378.805277 2474536.798887 0.000000
584373.820797 2474537.192239 0.000000
584368.836317 2474537.585591 0.000000
584363.851837 2474537.978942 0.000000
584358.867357 2474538.372294 0.000000
584353.882877 2474538.765646 0.000000
584348.898397 2474539.158998 0.000000
584343.913917 2474539.552350 0.000000
584338.929437 2474539.945701 0.000000
584333.944958 2474540.339053 0.000000
584328.960478 2474540.732405 0.000000
584323.975998 2474541.125757 0.000000
584318.991518 2474541.519109 0.000000
584314.007038 2474541.912460 0.000000
584309.022558 2474542.305812 0.000000
584304.038078 2474542.699164 0.000000
584299.053598 2474543.092516 0.000000
584294.069118 2474543.485868 0.000000
584289.084638 2474543.879220 0.000000
584284.100158 2474544.272571 0.000000
584279.115678 2474544.665923 0.000000
584274.131198 2474545.059275 0.000000
584269.146718 2474545.452627 0.000000
584264.162238 2474545.845979 0.000000
584259.177758 2474546.239330 0.000000
584254.193278 2474546.632682 0.000000
584249.208798 2474547.026034 0.000000
584244.224318 2474547.419386 0.000000
584239.239838 2474547.812738 0.000000
584234.255358 2474548.206089 0.000000
584229.270878 2474548.599441 0.000000
584224.286398 2474548.992793 0.000000
584219.301918 2474549.386145 0.000000
584214.317438 2474549.779497 0.000000
584209.332958 2474550.172849 0.000000
584204.348478 2474550.566200 0.000000
584199.363998 2474550.959552 0.000000
584194.379518 2474551.352904 0.000000
584189.395038 2474551.746256 0.000000
584184.410558 2474552.139608 0.000000
584179.426078 2474552.532959 0.000000
584174.441598 2474552.926311 0.000000
584169.457118 2474553.319663 0.000000
584164.472638 2474553.713015 0.000000
584159.488158 2474554.106367 0.000000
584154.503678 2474554.499718 0.000000
584149.519198 2474554.893070 0.000000
584144.534718 2474555.286422 0.000000
584139.550238 2474555.679774 0.000000
584134.565758 2474556.073126 0.000000
584129.581278 2474556.466478 0.000000
584124.596798 2474556.859829 0.000000
584119.612319 2474557.253181 0.000000
584114.627839 2474557.646533 0.000000
584109.643359 2474558.039885 0.000000
584104.658879 2474558.433237 0.000000
584099.674399 2474558.826588 0.000000
584094.689919 2474559.219940 0.000000
584089.705439 2474559.613292 0.000000
584084.720959 2474560.006644 0.000000
584079.736479 2474560.399996 0.000000
584074.751999 2474560.793348 0.000000
584069.767519 2474561.186699 0.000000
584064.783039 2474561.580051 0.000000
584059.798559 2474561.973403 0.000000
584054.814079 2474562.366755 0.000000
584049.829599 2474562.760107 0.000000
584044.845119 2474563.153458 0.000000
584039.860639 2474563.546810 0.000000
584034.876159 2474563.940162 0.000000
584029.891679 2474564.333514 0.000000
584024.907199 2474564.726866 0.000000
584019.922719 2474565.120217 0.000000
584014.938239 2474565.513569 0.000000
584009.953759 2474565.906921 0.000000
584004.969279 2474566.300273 0.000000
583999.984799 2474566.693625 0.000000
583995.000319 2474567.086977 0.000000
583990.015839 2474567.480328 0.000000
583985.031359 2474567.873680 0.000000
583980.046879 2474568.267032 0.000000
583975.062399 2474568.660384 0.000000
583970.077919 2474569.053736 0.000000
583965.093439 2474569.447087 0.000000
583960.108959 2474569.840439 0.000000
583955.124479 2474570.233791 0.000000
583950.139999 2474570.627143 0.000000
583945.155519 2474571.020495 0.000000
583940.171039 2474571.413846 0.000000
583935.186559 2474571.807198 0.000000
583930.202079 2474572.200550 0.000000
583925.217599 2474572.593902 0.000000
583920.233119 2474572.987254 0.000000
583915.248639 2474573.380606 0.000000
583910.264160 2474573.773957 0.000000
583905.279680 2474574.167309 0.000000
583900.295200 2474574.560661 0.000000
583895.310720 2474574.954013 0.000000
583890.326240 2474575.347365 0.000000
583885.341760 2474575.740716 0.000000
583880.357280 2474576.134068 0.000000
583875.372800 2474576.527420 0.000000
583870.388320 2474576.920772 0.000000
583865.403840 2474577.314124 0.000000
583860.419360 2474577.707475 0.000000
583855.434880 2474578.100827 0.000000
583850.450400 2474578.494179 0.000000
583845.465920 2474578.887531 0.000000
583840.481440 2474579.280883 0.000000
583835.496960 2474579.674235 0.000000
583830.512480 2474580.067586 0.000000
583825.528000 2474580.460938 0.000000
583820.543520 2474580.854290 0.000000
583815.559040 2474581.247642 0.000000
583810.574560 2474581.640994 0.000000
583805.590080 2474582.034345 0.000000
583800.605600 2474582.427697 0.000000
583795.621120 2474582.821049 0.000000
583790.636640 2474583.214401 0.000000
583785.652160 2474583.607753 0.000000
583780.667680 2474584.001104 0.000000
583775.683200 2474584.394456 0.000000
583770.698720 2474584.787808 0.000000
583765.714240 2474585.181160 0.000000
583760.729760 2474585.574512 0.000000
583755.745280 2474585.967864 0.000000
583750.760800 2474586.361215 0.000000
583745.776320 2474586.754567 0.000000
583740.791840 2474587.147919 0.000000
583735.807360 2474587.541271 0.000000
583730.822880 2474587.934623 0.000000
583725.838400 2474588.327974 0.000000
583720.853920 2474588.721326 0.000000
583715.869440 2474589.114678 0.000000
583710.884960 2474589.508030 0.000000
583705.900480 2474589.901382 0.000000
583700.916000 2474590.294733 0.000000
583695.931521 2474590.688085 0.000000
583690.947041 2474591.081437 0.000000
583685.962561 2474591.474789 0.000000
583680.978081 2474591.868141 0.000000
583675.993601 2474592.261493 0.000000
583671.009121 2474592.654844 0.000000
583666.024641 2474593.048196 0.000000
583661.040161 2474593.441548 0.000000
583656.055681 2474593.834900 0.000000
583651.071201 2474594.228252 0.000000
583646.086721 2474594.621603 0.000000
583641.102241 2474595.014955 0.000000
583636.117761 2474595.408307 0.000000
583631.133281 2474595.801659 0.000000
583626.148801 2474596.195011 0.000000
583621.164321 2474596.588363 0.000000
583616.179841 2474596.981714 0.000000
583611.195361 2474597.375066 0.000000
583606.210881 2474597.768418 0.000000
583601.226401 2474598.161770 0.000000
583596.241921 2474598.555122 0.000000
583591.257441 2474598.948473 0.000000
583586.272961 2474599.341825 0.000000
583581.288481 2474599.735177 0.000000
583576.304001 2474600.128529 0.000000
583571.319521 2474600.521881 0.000000
583566.335041 2474600.915232 0.000000
583561.350561 2474601.308584 0.000000
583556.366081 2474601.701936 0.000000
583551.381601 2474602.095288 0.000000
583546.397121 2474602.488640 0.000000
583541.412641 2474602.881992 0.000000
583536.428161 2474603.275343 0.000000
583531.443681 2474603.668695 0.000000
583526.459201 2474604.062047 0.000000
583521.474721 2474604.455399 0.000000
583516.490241 2474604.848751 0.000000
583511.505761 2474605.242102 0.000000
583506.521281 2474605.635454 0.000000
583501.536801 2474606.028806 0.000000
583496.552321 2474606.422158 0.000000
583491.567841 2474606.815510 0.000000
583486.583361 2474607.208861 0.000000
583481.598882 2474607.602213 0.000000
583476.614402 2474607.995565 0.000000
583471.629922 2474608.388917 0.000000
583466.645442 2474608.782269 0.000000
583461.660962 2474609.175621 0.000000
583456.676482 2474609.568972 0.000000
583451.692002 2474609.962324 0.000000
583446.707522 2474610.355676 0.000000
583441.723042 2474610.749028 0.000000
583436.738562 2474611.142380 0.000000
583431.754082 2474611.535731 0.000000
583426.769602 2474611.929083 0.000000
583421.785122 2474612.322435 0.000000
583416.800642 2474612.715787 0.000000
583411.816162 2474613.109139 0.000000
583406.831682 2474613.502490 0.000000
583401.847202 2474613.895842 0.000000
583396.862722 2474614.289194 0.000000
583391.878242 2474614.682546 0.000000
583386.893762 2474615.075898 0.000000
583381.909282 2474615.469250 0.000000
583376.924802 2474615.862601 0.000000
583371.940322 2474616.255953 0.000000
583366.955842 2474616.649305 0.000000
583361.971362 2474617.042657 0.000000
583356.986882 2474617.436009 0.000000
583352.002402 2474617.829360 0.000000
583347.017922 2474618.222712 0.000000
583342.033442 2474618.616064 0.000000
583337.048962 2474619.009416 0.000000
583332.064482 2474619.402768 0.000000
583327.080002 2474619.796119 0.000000
583322.095522 2474620.189471 0.000000
583317.111042 2474620.582823 0.000000
583312.126562 2474620.976175 0.000000
583307.142082 2474621.369527 0.000000
583302.157602 2474621.762879 0.000000
583297.173122 2474622.156230 0.000000
583292.188642 2474622.549582 0.000000
583287.204162 2474622.942934 0.000000
583282.219682 2474623.336286 0.000000
583277.235202 2474623.729638 0.000000
583272.250723 2474624.122989 0.000000
583267.266243 2474624.516341 0.000000
583262.281763 2474624.909693 0.000000
583257.297283 2474625.303045 0.000000
583252.312803 2474625.696397 0.000000
583247.328323 2474626.089748 0.000000
583242.343843 2474626.483100 0.000000
583237.359363 2474626.876452 0.000000
583232.374883 2474627.269804 0.000000
583227.390403 2474627.663156 0.000000
583222.405923 2474628.056508 0.000000
583217.421443 2474628.449859 0.000000
583212.436963 2474628.843211 0.000000
583207.452483 2474629.236563 0.000000
583202.468003 2474629.629915 0.000000
583197.483523 2474630.023267 0.000000
583192.499043 2474630.416618 0.000000
583187.514563 2474630.809970 0.000000
583182.530083 2474631.203322 0.000000
583177.545603 2474631.596674 0.000000
583172.561123 2474631.990026 0.000000
583167.576643 2474632.383378 0.000000
583162.592163 2474632.776729 0.000000
583157.607683 2474633.170081 0.000000
583152.623203 2474633.563433 0.000000
583147.638723 2474633.956785 0.000000
583142.654243 2474634.350137 0.000000
583137.669763 2474634.743488 0.000000
583132.685283 2474635.136840 0.000000
583127.700803 2474635.530192 0.000000
583122.716323 2474635.923544 0.000000
583117.731843 2474636.316896 0.000000
583112.747363 2474636.710247 0.000000
583107.762883 2474637.103599 0.000000
583102.778403 2474637.496951 0.000000
583097.793923 2474637.890303 0.000000
583092.809443 2474638.283655 0.000000
583087.824963 2474638.677007 0.000000
583082.840483 2474639.070358 0.000000
583077.856003 2474639.463710 0.000000
583072.871523 2474639.857062 0.000000
583067.887043 2474640.250414 0.000000
583062.902563 2474640.643766 0.000000
583057.918084 2474641.037117 0.000000
583052.933604 2474641.430469 0.000000
583047.949124 2474641.823821 0.000000
583042.964644 2474642.217173 0.000000
583037.980164 2474642.610525 0.000000
583032.995684 2474643.003876 0.000000
583028.011204 2474643.397228 0.000000
583023.026724 2474643.790580 0.000000
583018.042244 2474644.183932 0.000000
583013.057764 2474644.577284 0.000000
583008.073284 2474644.970636 0.000000
583003.088804 2474645.363987 0.000000
582998.104324 2474645.757339 0.000000
582993.119844 2474646.150691 0.000000
582988.135364 2474646.544043 0.000000
582983.150884 2474646.937395 0.000000
582978.166404 2474647.330746 0.000000
582973.181924 2474647.724098 0.000000
582968.197444 2474648.117450 0.000000
582963.212964 2474648.510802 0.000000
582958.228484 2474648.904154 0.000000
582953.244004 2474649.297505 0.000000
582948.259524 2474649.690857 0.000000
582943.275044 2474650.084209 0.000000
582938.290564 2474650.477561 0.000000
582933.306084 2474650.870913 0.000000
582928.321604 2474651.264265 0.000000
582923.337124 2474651.657616 0.000000
582918.352644 2474652.050968 0.000000
582913.368164 2474652.444320 0.000000
582908.383684 2474652.837672 0.000000
582903.399204 2474653.231024 0.000000
582898.414724 2474653.624375 0.000000
582893.430244 2474654.017727 0.000000
582888.445764 2474654.411079 0.000000
582883.461284 2474654.804431 0.000000
582878.476804 2474655.197783 0.000000
582873.492324 2474655.591134 0.000000
582868.507844 2474655.984486 0.000000
582863.523364 2474656.377838 0.000000
582858.538884 2474656.771190 0.000000
582853.554404 2474657.164542 0.000000
582848.569924 2474657.557894 0.000000
582843.585445 2474657.951245 0.000000
582838.600965 2474658.344597 0.000000
582833.616485 2474658.737949 0.000000
582828.632005 2474659.131301 0.000000
582823.647525 2474659.524653 0.000000
582818.663045 2474659.918004 0.000000
582813.678565 2474660.311356 0.000000
582808.694085 2474660.704708 0.000000
582803.709605 2474661.098060 0.000000
582798.725125 2474661.491412 0.000000
582793.740645 2474661.884763 0.000000
582788.756165 2474662.278115 0.000000
582783.771685 2474662.671467 0.000000
582778.787205 2474663.064819 0.000000
582773.802725 2474663.458171 0.000000
582768.818245 2474663.851523 0.000000
582763.833765 2474664.244874 0.000000
582758.849285 2474664.638226 0.000000
582753.864805 2474665.031578 0.000000
582748.880325 2474665.424930 0.000000
582743.895845 2474665.818282 0.000000
582738.911365 2474666.211633 0.000000
582733.926885 2474666.604985 0.000000
582728.942405 2474666.998337 0.000000
582723.957925 2474667.391689 0.000000
582718.973445 2474667.785041 0.000000
582713.988965 2474668.178392 0.000000
582709.004485 2474668.571744 0.000000
582704.020005 2474668.965096 0.000000
582699.035525 2474669.358448 0.000000
582694.051045 2474669.751800 0.000000
