FFASCI 0 1 "LINES" 0 1e+10
FFATTR 0 1
->1
612448.008502 2488937.726296 0.000000
612442.875176 2488937.259631 0.000000
612437.741851 2488936.792966 0.000000
612432.608525 2488936.326301 0.000000
612427.475199 2488935.859636 0.000000
612422.341873 2488935.392971 0.000000
612417.208548 2488934.926305 0.000000
612412.075222 2488934.459640 0.000000
612406.941896 2488933.992975 0.000000
612401.808570 2488933.526310 0.000000
612396.675244 2488933.059645 0.000000
612391.541919 2488932.592980 0.000000
612386.408593 2488932.126314 0.000000
612381.275267 2488931.659649 0.000000
612376.141941 2488931.192984 0.000000
612371.008615 2488930.726319 0.000000
612366.041956 2488931.326319 0.000000
612361.075297 2488931.926319 0.000000
612356.108638 2488932.526319 0.000000
612351.141979 2488933.126318 0.000000
612346.175319 2488933.726318 0.000000
612341.208660 2488934.326318 0.000000
612336.242001 2488934.926318 0.000000
612331.275342 2488935.526318 0.000000
612326.308683 2488936.126318 0.000000
612321.342023 2488936.726318 0.000000
612316.375364 2488937.326318 0.000000
612311.408705 2488937.926317 0.000000
612306.442046 2488938.526317 0.000000
612301.475387 2488939.126317 0.000000
612296.508727 2488939.726317 0.000000
612291.542068 2488940.326317 0.000000
612286.575409 2488940.926317 0.000000
612281.608750 2488941.526317 0.000000
612276.642090 2488942.126317 0.000000
612271.675431 2488942.726316 0.000000
612266.708772 2488943.326316 0.000000
612261.742113 2488943.926316 0.000000
612256.775454 2488944.526316 0.000000
612251.808794 2488945.126316 0.000000
612246.842135 2488945.726316 0.000000
612241.875476 2488946.326316 0.000000
612236.908817 2488946.926316 0.000000
612231.942158 2488947.526315 0.000000
612226.975498 2488948.126315 0.000000
612222.008839 2488948.726315 0.000000
612217.077223 2488949.538281 0.000000
612212.145606 2488950.350246 0.000000
612207.213990 2488951.162211 0.000000
612202.282373 2488951.974177 0.000000
612197.350757 2488952.786142 0.000000
612192.419140 2488953.598107 0.000000
612187.487524 2488954.410073 0.000000
612182.555907 2488955.222038 0.000000
612177.624291 2488956.034003 0.000000
612172.692674 2488956.845969 0.000000
612167.761058 2488957.657934 0.000000
612162.829441 2488958.469900 0.000000
612157.897825 2488959.281865 0.000000
612152.966208 2488960.093830 0.000000
612148.034592 2488960.905796 0.000000
612143.102975 2488961.717761 0.000000
612138.171359 2488962.529726 0.000000
612133.239742 2488963.341692 0.000000
612128.308126 2488964.153657 0.000000
612123.376509 2488964.965622 0.000000
612118.444893 2488965.777588 0.000000
612113.513276 2488966.589553 0.000000
612108.581660 2488967.401519 0.000000
612103.650043 2488968.213484 0.000000
612098.718427 2488969.025449 0.000000
612093.786810 2488969.837415 0.000000
612088.855194 2488970.649380 0.000000
612083.923577 2488971.461345 0.000000
612078.991961 2488972.273311 0.000000
612074.060344 2488973.085276 0.000000
612069.128728 2488973.897241 0.000000
612064.197112 2488974.709207 0.000000
612059.265495 2488975.521172 0.000000
612054.333879 2488976.333138 0.000000
612049.402262 2488977.145103 0.000000
612044.470646 2488977.957068 0.000000
612039.539029 2488978.769034 0.000000
612034.607413 2488979.580999 0.000000
612029.675796 2488980.392964 0.000000
612024.744180 2488981.204930 0.000000
612019.812563 2488982.016895 0.000000
612014.880947 2488982.828860 0.000000
612009.949330 2488983.640826 0.000000
612005.017714 2488984.452791 0.000000
612000.086097 2488985.264757 0.000000
611995.154481 2488986.076722 0.000000
611990.222864 2488986.888687 0.000000
611985.291248 2488987.700653 0.000000
611980.359631 2488988.512618 0.000000
611975.428015 2488989.324583 0.000000
611970.496398 2488990.136549 0.000000
611965.564782 2488990.948514 0.000000
611960.633165 2488991.760479 0.000000
611955.701549 2488992.572445 0.000000
611950.769932 2488993.384410 0.000000
611945.838316 2488994.196376 0.000000
611940.906699 2488995.008341 0.000000
611935.975083 2488995.820306 0.000000
611931.043466 2488996.632272 0.000000
611926.111850 2488997.444237 0.000000
611921.180233 2488998.256202 0.000000
611916.248617 2488999.068168 0.000000
611911.317000 2488999.880133 0.000000
611906.385384 2489000.692098 0.000000
611901.453767 2489001.504064 0.000000
611896.522151 2489002.316029 0.000000
611891.590534 2489003.127995 0.000000
611886.658918 2489003.939960 0.000000
611881.727301 2489004.751925 0.000000
611876.795685 2489005.563891 0.000000
611871.864068 2489006.375856 0.000000
611866.932452 2489007.187821 0.000000
611862.000835 2489007.999787 0.000000
611857.069219 2489008.811752 0.000000
611852.137602 2489009.623717 0.000000
611847.205986 2489010.435683 0.000000
611842.274369 2489011.247648 0.000000
611837.342753 2489012.059614 0.000000
611832.411136 2489012.871579 0.000000
611827.479520 2489013.683544 0.000000
611822.547903 2489014.495510 0.000000
611817.616287 2489015.307475 0.000000
611812.684670 2489016.119440 0.000000
611807.753054 2489016.931406 0.000000
611802.821437 2489017.743371 0.000000
611797.889821 2489018.555337 0.000000
611792.958205 2489019.367302 0.000000
611788.026588 2489020.179267 0.000000
611783.094972 2489020.991233 0.000000
611778.163355 2489021.803198 0.000000
611773.231739 2489022.615163 0.000000
611768.300122 2489023.427129 0.000000
611763.368506 2489024.239094 0.000000
611758.436889 2489025.051059 0.000000
611753.505273 2489025.863025 0.000000
611748.573656 2489026.674990 0.000000
611743.642040 2489027.486956 0.000000
611738.710423 2489028.298921 0.000000
611733.778807 2489029.110886 0.000000
611728.847190 2489029.922852 0.000000
611723.915574 2489030.734817 0.000000
611718.983957 2489031.546782 0.000000
611714.052341 2489032.358748 0.000000
611709.120724 2489033.170713 0.000000
611704.189108 2489033.982678 0.000000
611699.257491 2489034.794644 0.000000
611694.325875 2489035.606609 0.000000
611689.394258 2489036.418575 0.000000
611684.462642 2489037.230540 0.000000
611679.531025 2489038.042505 0.000000
611674.599409 2489038.854471 0.000000
611669.667792 2489039.666436 0.000000
611664.736176 2489040.478401 0.000000
611659.804559 2489041.290367 0.000000
611654.872943 2489042.102332 0.000000
611649.941326 2489042.914297 0.000000
611645.009710 2489043.726263 0.000000
611640.027574 2489044.369120 0.000000
611635.045439 2489045.011977 0.000000
611630.063304 2489045.654834 0.000000
611625.081168 2489046.297691 0.000000
611620.099033 2489046.940548 0.000000
611615.116898 2489047.583405 0.000000
611610.134762 2489048.226261 0.000000
611605.152627 2489048.869118 0.000000
611600.170491 2489049.511975 0.000000
611595.188356 2489050.154832 0.000000
611590.206221 2489050.797689 0.000000
611585.224085 2489051.440546 0.000000
611580.241950 2489052.083403 0.000000
611575.259815 2489052.726260 0.000000
611570.277679 2489053.369117 0.000000
611565.295544 2489054.011974 0.000000
611560.313409 2489054.654831 0.000000
611555.331273 2489055.297688 0.000000
611550.349138 2489055.940545 0.000000
611545.367002 2489056.583402 0.000000
611540.384867 2489057.226259 0.000000
611535.402732 2489057.869116 0.000000
611530.420596 2489058.511973 0.000000
611525.438461 2489059.154830 0.000000
611520.456326 2489059.797687 0.000000
611515.474190 2489060.440544 0.000000
611510.492055 2489061.083401 0.000000
611505.509919 2489061.726257 0.000000
611500.527784 2489062.369114 0.000000
611495.545649 2489063.011971 0.000000
611490.563513 2489063.654828 0.000000
611485.581378 2489064.297685 0.000000
611480.599243 2489064.940542 0.000000
611475.617107 2489065.583399 0.000000
611470.634972 2489066.226256 0.000000
611465.652837 2489066.869113 0.000000
611460.670701 2489067.511970 0.000000
611455.688566 2489068.154827 0.000000
611450.706430 2489068.797684 0.000000
611445.724295 2489069.440541 0.000000
611440.742160 2489070.083398 0.000000
611435.760024 2489070.726255 0.000000
611430.777889 2489071.369112 0.000000
611425.795754 2489072.011969 0.000000
611420.813618 2489072.654826 0.000000
611415.831483 2489073.297683 0.000000
611410.849347 2489073.940540 0.000000
611405.867212 2489074.583397 0.000000
611400.885077 2489075.226253 0.000000
611395.902941 2489075.869110 0.000000
611390.920806 2489076.511967 0.000000
611385.938671 2489077.154824 0.000000
611380.956535 2489077.797681 0.000000
611375.974400 2489078.440538 0.000000
611370.992265 2489079.083395 0.000000
611366.010129 2489079.726252 0.000000
611361.056803 2489080.566252 0.000000
611356.103477 2489081.406251 0.000000
611351.150152 2489082.246251 0.000000
611346.196826 2489083.086250 0.000000
611341.243500 2489083.926250 0.000000
611336.290174 2489084.766249 0.000000
611331.336848 2489085.606249 0.000000
611326.383522 2489086.446248 0.000000
611321.430196 2489087.286248 0.000000
611316.476871 2489088.126247 0.000000
611311.523545 2489088.966247 0.000000
611306.570219 2489089.806246 0.000000
611301.616893 2489090.646246 0.000000
611296.663567 2489091.486245 0.000000
611291.710241 2489092.326245 0.000000
611286.756915 2489093.166244 0.000000
611281.803590 2489094.006244 0.000000
611276.850264 2489094.846243 0.000000
611271.896938 2489095.686243 0.000000
611266.943612 2489096.526242 0.000000
611261.990286 2489097.366242 0.000000
611257.036960 2489098.206241 0.000000
611252.083634 2489099.046241 0.000000
611247.130309 2489099.886240 0.000000
611242.176983 2489100.726240 0.000000
611237.223657 2489101.566239 0.000000
611232.270331 2489102.406239 0.000000
611227.317005 2489103.246238 0.000000
611222.363679 2489104.086238 0.000000
611217.410353 2489104.926237 0.000000
611212.457028 2489105.766237 0.000000
611207.503702 2489106.606236 0.000000
611202.550376 2489107.446236 0.000000
611197.597050 2489108.286235 0.000000
611192.643724 2489109.126235 0.000000
611187.690398 2489109.966234 0.000000
611182.737072 2489110.806234 0.000000
611177.783747 2489111.646233 0.000000
611172.830421 2489112.486233 0.000000
611167.877095 2489113.326232 0.000000
611162.923769 2489114.166232 0.000000
611157.970443 2489115.006231 0.000000
611153.017117 2489115.846231 0.000000
611148.063791 2489116.686230 0.000000
611143.110466 2489117.526230 0.000000
611138.157140 2489118.366229 0.000000
611133.203814 2489119.206229 0.000000
611128.250488 2489120.046228 0.000000
611123.297162 2489120.886228 0.000000
611118.343836 2489121.726227 0.000000
611113.390510 2489122.566227 0.000000
611108.437185 2489123.406226 0.000000
611103.483859 2489124.246226 0.000000
611098.530533 2489125.086226 0.000000
611093.577207 2489125.926225 0.000000
611088.623881 2489126.766225 0.000000
611083.670555 2489127.606224 0.000000
611078.717229 2489128.446224 0.000000
611073.763904 2489129.286223 0.000000
611068.810578 2489130.126223 0.000000
611063.857252 2489130.966222 0.000000
611058.903926 2489131.806222 0.000000
611053.950600 2489132.646221 0.000000
611048.997274 2489133.486221 0.000000
611044.043948 2489134.326220 0.000000
611039.090623 2489135.166220 0.000000
611034.137297 2489136.006219 0.000000
611029.183971 2489136.846219 0.000000
611024.230645 2489137.686218 0.000000
611019.277319 2489138.526218 0.000000
611014.323993 2489139.366217 0.000000
611009.370667 2489140.206217 0.000000
611004.417342 2489141.046216 0.000000
610999.464016 2489141.886216 0.000000
610994.510690 2489142.726215 0.000000
610989.557364 2489143.566215 0.000000
610984.604038 2489144.406214 0.000000
610979.650712 2489145.246214 0.000000
610974.697386 2489146.086213 0.000000
610969.744061 2489146.926213 0.000000
610964.790735 2489147.766212 0.000000
610959.837409 2489148.606212 0.000000
610954.884083 2489149.446211 0.000000
610949.930757 2489150.286211 0.000000
610944.977431 2489151.126210 0.000000
610940.024105 2489151.966210 0.000000
610935.070780 2489152.806209 0.000000
610930.117454 2489153.646209 0.000000
610925.164128 2489154.486208 0.000000
610920.210802 2489155.326208 0.000000
610915.257476 2489156.166207 0.000000
610910.304150 2489157.006207 0.000000
610905.350824 2489157.846206 0.000000
610900.397499 2489158.686206 0.000000
610895.444173 2489159.526205 0.000000
610890.490847 2489160.366205 0.000000
610885.537521 2489161.206204 0.000000
610880.584195 2489162.046204 0.000000
610875.630869 2489162.886203 0.000000
610870.677543 2489163.726203 0.000000
610865.724218 2489164.566202 0.000000
610860.770892 2489165.406202 0.000000
610855.817566 2489166.246201 0.000000
610850.864240 2489167.086201 0.000000
610845.910914 2489167.926200 0.000000
610840.957588 2489168.766200 0.000000
610836.004262 2489169.606199 0.000000
610831.050937 2489170.446199 0.000000
610826.097611 2489171.286198 0.000000
610821.144285 2489172.126198 0.000000
610816.190959 2489172.966197 0.000000
610811.237633 2489173.806197 0.000000
610806.284307 2489174.646196 0.000000
610801.330981 2489175.486196 0.000000
610796.377656 2489176.326195 0.000000
610791.424330 2489177.166195 0.000000
610786.471004 2489178.006194 0.000000
610781.517678 2489178.846194 0.000000
610776.564352 2489179.686193 0.000000
610771.611026 2489180.526193 0.000000
610766.657700 2489181.366192 0.000000
610761.704375 2489182.206192 0.000000
610756.751049 2489183.046192 0.000000
610751.797723 2489183.886191 0.000000
610746.844397 2489184.726191 0.000000
610741.891071 2489185.566190 0.000000
610736.937745 2489186.406190 0.000000
610731.984419 2489187.246189 0.000000
610727.031094 2489188.086189 0.000000
610722.077768 2489188.926188 0.000000
610717.124442 2489189.766188 0.000000
610712.171116 2489190.606187 0.000000
610707.217790 2489191.446187 0.000000
610702.264464 2489192.286186 0.000000
610697.311138 2489193.126186 0.000000
610692.357813 2489193.966185 0.000000
610687.404487 2489194.806185 0.000000
610682.451161 2489195.646184 0.000000
610677.497835 2489196.486184 0.000000
610672.544509 2489197.326183 0.000000
610667.591183 2489198.166183 0.000000
610662.637857 2489199.006182 0.000000
610657.684532 2489199.846182 0.000000
610652.731206 2489200.686181 0.000000
610647.777880 2489201.526181 0.000000
610642.824554 2489202.366180 0.000000
610637.871228 2489203.206180 0.000000
610632.917902 2489204.046179 0.000000
610627.964576 2489204.886179 0.000000
610623.011251 2489205.726178 0.000000
610618.112953 2489206.760076 0.000000
610613.214655 2489207.793973 0.000000
610608.316358 2489208.827871 0.000000
610603.418060 2489209.861768 0.000000
610598.519762 2489210.895666 0.000000
610593.621465 2489211.929563 0.000000
610588.723167 2489212.963461 0.000000
610583.824869 2489213.997358 0.000000
610578.926572 2489215.031256 0.000000
610574.028274 2489216.065153 0.000000
610569.129976 2489217.099051 0.000000
610564.231679 2489218.132948 0.000000
610559.333381 2489219.166846 0.000000
610554.435083 2489220.200743 0.000000
610549.536786 2489221.234641 0.000000
610544.638488 2489222.268538 0.000000
610539.740190 2489223.302436 0.000000
610534.841893 2489224.336333 0.000000
610529.943595 2489225.370231 0.000000
610525.045297 2489226.404128 0.000000
610520.147000 2489227.438026 0.000000
610515.248702 2489228.471923 0.000000
610510.350404 2489229.505821 0.000000
610505.452107 2489230.539718 0.000000
610500.553809 2489231.573616 0.000000
610495.655511 2489232.607513 0.000000
610490.757214 2489233.641411 0.000000
610485.858916 2489234.675309 0.000000
610480.960618 2489235.709206 0.000000
610476.062321 2489236.743104 0.000000
610471.164023 2489237.777001 0.000000
610466.265725 2489238.810899 0.000000
610461.367428 2489239.844796 0.000000
610456.469130 2489240.878694 0.000000
610451.570832 2489241.912591 0.000000
610446.672535 2489242.946489 0.000000
610441.774237 2489243.980386 0.000000
610436.875939 2489245.014284 0.000000
610431.977642 2489246.048181 0.000000
610427.079344 2489247.082079 0.000000
610422.181046 2489248.115976 0.000000
610417.282749 2489249.149874 0.000000
610412.384451 2489250.183771 0.000000
610407.486153 2489251.217669 0.000000
610402.587856 2489252.251566 0.000000
610397.689558 2489253.285464 0.000000
610392.791260 2489254.319361 0.000000
610387.892963 2489255.353259 0.000000
610382.994665 2489256.387156 0.000000
610378.096368 2489257.421054 0.000000
610373.198070 2489258.454951 0.000000
610368.299772 2489259.488849 0.000000
610363.401475 2489260.522746 0.000000
610358.503177 2489261.556644 0.000000
610353.604879 2489262.590541 0.000000
610348.706582 2489263.624439 0.000000
610343.808284 2489264.658336 0.000000
610338.909986 2489265.692234 0.000000
610334.011689 2489266.726131 0.000000
610329.082344 2489267.564651 0.000000
610324.152999 2489268.403170 0.000000
610319.223654 2489269.241689 0.000000
610314.294309 2489270.080208 0.000000
610309.364964 2489270.918728 0.000000
610304.435619 2489271.757247 0.000000
610299.506274 2489272.595766 0.000000
610294.576929 2489273.434285 0.000000
610289.647584 2489274.272805 0.000000
610284.718239 2489275.111324 0.000000
610279.788894 2489275.949843 0.000000
610274.859549 2489276.788362 0.000000
610269.930204 2489277.626882 0.000000
610265.000859 2489278.465401 0.000000
610260.071514 2489279.303920 0.000000
610255.142169 2489280.142439 0.000000
610250.212824 2489280.980959 0.000000
610245.283479 2489281.819478 0.000000
610240.354134 2489282.657997 0.000000
610235.424789 2489283.496516 0.000000
610230.495444 2489284.335036 0.000000
610225.566099 2489285.173555 0.000000
610220.636754 2489286.012074 0.000000
610215.707409 2489286.850593 0.000000
610210.778064 2489287.689113 0.000000
610205.848720 2489288.527632 0.000000
610200.919375 2489289.366151 0.000000
610195.990030 2489290.204670 0.000000
610191.060685 2489291.043189 0.000000
610186.131340 2489291.881709 0.000000
610181.201995 2489292.720228 0.000000
610176.272650 2489293.558747 0.000000
610171.343305 2489294.397266 0.000000
610166.413960 2489295.235786 0.000000
610161.484615 2489296.074305 0.000000
610156.555270 2489296.912824 0.000000
610151.625925 2489297.751343 0.000000
610146.696580 2489298.589863 0.000000
610141.767235 2489299.428382 0.000000
610136.837890 2489300.266901 0.000000
610131.908545 2489301.105420 0.000000
610126.979200 2489301.943940 0.000000
610122.049855 2489302.782459 0.000000
610117.120510 2489303.620978 0.000000
610112.191165 2489304.459497 0.000000
610107.261820 2489305.298017 0.000000
610102.332475 2489306.136536 0.000000
610097.403130 2489306.975055 0.000000
610092.473785 2489307.813574 0.000000
610087.544440 2489308.652094 0.000000
610082.615095 2489309.490613 0.000000
610077.685750 2489310.329132 0.000000
610072.756406 2489311.167651 0.000000
610067.827061 2489312.006171 0.000000
610062.897716 2489312.844690 0.000000
610057.968371 2489313.683209 0.000000
610053.039026 2489314.521728 0.000000
610048.109681 2489315.360248 0.000000
610043.180336 2489316.198767 0.000000
610038.250991 2489317.037286 0.000000
610033.321646 2489317.875805 0.000000
610028.392301 2489318.714325 0.000000
610023.462956 2489319.552844 0.000000
610018.533611 2489320.391363 0.000000
610013.604266 2489321.229882 0.000000
610008.674921 2489322.068402 0.000000
610003.745576 2489322.906921 0.000000
609998.816231 2489323.745440 0.000000
609993.886886 2489324.583959 0.000000
609988.957541 2489325.422479 0.000000
609984.028196 2489326.260998 0.000000
609979.098851 2489327.099517 0.000000
609974.169506 2489327.938036 0.000000
609969.240161 2489328.776556 0.000000
609964.310816 2489329.615075 0.000000
609959.381471 2489330.453594 0.000000
609954.452126 2489331.292113 0.000000
609949.522781 2489332.130633 0.000000
609944.593436 2489332.969152 0.000000
609939.664092 2489333.807671 0.000000
609934.734747 2489334.646190 0.000000
609929.805402 2489335.484710 0.000000
609924.876057 2489336.323229 0.000000
609919.946712 2489337.161748 0.000000
609915.017367 2489338.000267 0.000000
609910.088022 2489338.838786 0.000000
609905.158677 2489339.677306 0.000000
609900.229332 2489340.515825 0.000000
609895.299987 2489341.354344 0.000000
609890.370642 2489342.192863 0.000000
609885.441297 2489343.031383 0.000000
609880.511952 2489343.869902 0.000000
609875.582607 2489344.708421 0.000000
609870.653262 2489345.546940 0.000000
609865.723917 2489346.385460 0.000000
609860.794572 2489347.223979 0.000000
609855.865227 2489348.062498 0.000000
609850.935882 2489348.901017 0.000000
609846.006537 2489349.739537 0.000000
609841.077192 2489350.578056 0.000000
609836.147847 2489351.416575 0.000000
609831.218502 2489352.255094 0.000000
609826.289157 2489353.093614 0.000000
609821.359812 2489353.932133 0.000000
609816.430467 2489354.770652 0.000000
609811.501122 2489355.609171 0.000000
609806.571778 2489356.447691 0.000000
609801.642433 2489357.286210 0.000000
609796.713088 2489358.124729 0.000000
609791.783743 2489358.963248 0.000000
609786.854398 2489359.801768 0.000000
609781.925053 2489360.640287 0.000000
609776.995708 2489361.478806 0.000000
609772.066363 2489362.317325 0.000000
609767.137018 2489363.155845 0.000000
609762.207673 2489363.994364 0.000000
609757.278328 2489364.832883 0.000000
609752.348983 2489365.671402 0.000000
609747.419638 2489366.509922 0.000000
609742.490293 2489367.348441 0.000000
609737.560948 2489368.186960 0.000000
609732.631603 2489369.025479 0.000000
609727.702258 2489369.863999 0.000000
609722.772913 2489370.702518 0.000000
609717.843568 2489371.541037 0.000000
609712.914223 2489372.379556 0.000000
609707.984878 2489373.218076 0.000000
609703.055533 2489374.056595 0.000000
609698.126188 2489374.895114 0.000000
609693.196843 2489375.733633 0.000000
609688.267498 2489376.572153 0.000000
609683.338153 2489377.410672 0.000000
609678.408808 2489378.249191 0.000000
609673.479464 2489379.087710 0.000000
609668.550119 2489379.926230 0.000000
609663.620774 2489380.764749 0.000000
609658.691429 2489381.603268 0.000000
609653.762084 2489382.441787 0.000000
609648.832739 2489383.280307 0.000000
609643.903394 2489384.118826 0.000000
609638.974049 2489384.957345 0.000000
609634.044704 2489385.795864 0.000000
609629.115359 2489386.634384 0.000000
609624.186014 2489387.472903 0.000000
609619.256669 2489388.311422 0.000000
609614.327324 2489389.149941 0.000000
609609.397979 2489389.988460 0.000000
609604.468634 2489390.826980 0.000000
609599.539289 2489391.665499 0.000000
609594.609944 2489392.504018 0.000000
609589.680599 2489393.342537 0.000000
609584.751254 2489394.181057 0.000000
609579.821909 2489395.019576 0.000000
609574.892564 2489395.858095 0.000000
609569.963219 2489396.696614 0.000000
609565.033874 2489397.535134 0.000000
609560.104529 2489398.373653 0.000000
609555.175184 2489399.212172 0.000000
609550.245839 2489400.050691 0.000000
609545.316494 2489400.889211 0.000000
609540.387150 2489401.727730 0.000000
609535.457805 2489402.566249 0.000000
609530.528460 2489403.404768 0.000000
609525.599115 2489404.243288 0.000000
609520.669770 2489405.081807 0.000000
609515.740425 2489405.920326 0.000000
609510.811080 2489406.758845 0.000000
609505.881735 2489407.597365 0.000000
609500.952390 2489408.435884 0.000000
609496.023045 2489409.274403 0.000000
609491.093700 2489410.112922 0.000000
609486.164355 2489410.951442 0.000000
609481.235010 2489411.789961 0.000000
609476.305665 2489412.628480 0.000000
609471.376320 2489413.466999 0.000000
609466.446975 2489414.305519 0.000000
609461.517630 2489415.144038 0.000000
609456.588285 2489415.982557 0.000000
609451.658940 2489416.821076 0.000000
609446.729595 2489417.659596 0.000000
609441.800250 2489418.498115 0.000000
609436.870905 2489419.336634 0.000000
609431.941560 2489420.175153 0.000000
609427.012215 2489421.013673 0.000000
609422.082870 2489421.852192 0.000000
609417.153525 2489422.690711 0.000000
609412.224180 2489423.529230 0.000000
609407.294836 2489424.367750 0.000000
609402.365491 2489425.206269 0.000000
609397.436146 2489426.044788 0.000000
609392.506801 2489426.883307 0.000000
609387.577456 2489427.721827 0.000000
609382.648111 2489428.560346 0.000000
609377.718766 2489429.398865 0.000000
609372.789421 2489430.237384 0.000000
609367.860076 2489431.075904 0.000000
609362.930731 2489431.914423 0.000000
609358.001386 2489432.752942 0.000000
609353.072041 2489433.591461 0.000000
609348.142696 2489434.429981 0.000000
609343.213351 2489435.268500 0.000000
609338.284006 2489436.107019 0.000000
609333.354661 2489436.945538 0.000000
609328.425316 2489437.784057 0.000000
609323.495971 2489438.622577 0.000000
609318.566626 2489439.461096 0.000000
609313.637281 2489440.299615 0.000000
609308.707936 2489441.138134 0.000000
609303.778591 2489441.976654 0.000000
609298.849246 2489442.815173 0.000000
609293.919901 2489443.653692 0.000000
609288.990556 2489444.492211 0.000000
609284.061211 2489445.330731 0.000000
609279.131866 2489446.169250 0.000000
609274.202522 2489447.007769 0.000000
609269.273177 2489447.846288 0.000000
609264.343832 2489448.684808 0.000000
609259.414487 2489449.523327 0.000000
609254.485142 2489450.361846 0.000000
609249.555797 2489451.200365 0.000000
609244.626452 2489452.038885 0.000000
609239.697107 2489452.877404 0.000000
609234.767762 2489453.715923 0.000000
609229.838417 2489454.554442 0.000000
609224.909072 2489455.392962 0.000000
609219.979727 2489456.231481 0.000000
609215.050382 2489457.070000 0.000000
609210.121037 2489457.908519 0.000000
609205.191692 2489458.747039 0.000000
609200.262347 2489459.585558 0.000000
609195.333002 2489460.424077 0.000000
609190.403657 2489461.262596 0.000000
609185.474312 2489462.101116 0.000000
609180.544967 2489462.939635 0.000000
609175.615622 2489463.778154 0.000000
609170.686277 2489464.616673 0.000000
609165.756932 2489465.455193 0.000000
609160.827587 2489466.293712 0.000000
609155.898242 2489467.132231 0.000000
609150.968897 2489467.970750 0.000000
609146.039552 2489468.809270 0.000000
609141.110208 2489469.647789 0.000000
609136.180863 2489470.486308 0.000000
609131.251518 2489471.324827 0.000000
609126.322173 2489472.163347 0.000000
609121.392828 2489473.001866 0.000000
609116.463483 2489473.840385 0.000000
609111.534138 2489474.678904 0.000000
609106.604793 2489475.517424 0.000000
609101.675448 2489476.355943 0.000000
609096.746103 2489477.194462 0.000000
609091.816758 2489478.032981 0.000000
609086.887413 2489478.871501 0.000000
609081.958068 2489479.710020 0.000000
609077.028723 2489480.548539 0.000000
609072.099378 2489481.387058 0.000000
609067.170033 2489482.225578 0.000000
609062.240688 2489483.064097 0.000000
609057.311343 2489483.902616 0.000000
609052.381998 2489484.741135 0.000000
609047.452653 2489485.579655 0.000000
609042.523308 2489486.418174 0.000000
609037.593963 2489487.256693 0.000000
609032.664618 2489488.095212 0.000000
609027.735273 2489488.933731 0.000000
609022.805928 2489489.772251 0.000000
609017.876583 2489490.610770 0.000000
609012.947238 2489491.449289 0.000000
609008.017894 2489492.287808 0.000000
609003.088549 2489493.126328 0.000000
608998.159204 2489493.964847 0.000000
608993.229859 2489494.803366 0.000000
608988.300514 2489495.641885 0.000000
608983.371169 2489496.480405 0.000000
608978.441824 2489497.318924 0.000000
608973.512479 2489498.157443 0.000000
608968.583134 2489498.995962 0.000000
608963.653789 2489499.834482 0.000000
608958.724444 2489500.673001 0.000000
608953.795099 2489501.511520 0.000000
608948.865754 2489502.350039 0.000000
608943.936409 2489503.188559 0.000000
608939.007064 2489504.027078 0.000000
608934.077719 2489504.865597 0.000000
608929.148374 2489505.704116 0.000000
608924.219029 2489506.542636 0.000000
608919.289684 2489507.381155 0.000000
608914.360339 2489508.219674 0.000000
608909.430994 2489509.058193 0.000000
608904.501649 2489509.896713 0.000000
608899.572304 2489510.735232 0.000000
608894.642959 2489511.573751 0.000000
608889.713614 2489512.412270 0.000000
608884.784269 2489513.250790 0.000000
608879.854924 2489514.089309 0.000000
608874.925580 2489514.927828 0.000000
608869.996235 2489515.766347 0.000000
608865.066890 2489516.604867 0.000000
608860.137545 2489517.443386 0.000000
608855.208200 2489518.281905 0.000000
608850.278855 2489519.120424 0.000000
608845.349510 2489519.958944 0.000000
608840.420165 2489520.797463 0.000000
608835.490820 2489521.635982 0.000000
608830.561475 2489522.474501 0.000000
608825.632130 2489523.313021 0.000000
608820.702785 2489524.151540 0.000000
608815.773440 2489524.990059 0.000000
608810.844095 2489525.828578 0.000000
608805.914750 2489526.667098 0.000000
608800.985405 2489527.505617 0.000000
608796.056060 2489528.344136 0.000000
608791.126715 2489529.182655 0.000000
608786.197370 2489530.021175 0.000000
608781.268025 2489530.859694 0.000000
608776.338680 2489531.698213 0.000000
608771.409335 2489532.536732 0.000000
608766.479990 2489533.375252 0.000000
608761.550645 2489534.213771 0.000000
608756.621300 2489535.052290 0.000000
608751.691955 2489535.890809 0.000000
608746.762610 2489536.729328 0.000000
608741.833266 2489537.567848 0.000000
608736.903921 2489538.406367 0.000000
608731.974576 2489539.244886 0.000000
608727.045231 2489540.083405 0.000000
608722.115886 2489540.921925 0.000000
608717.186541 2489541.760444 0.000000
608712.257196 2489542.598963 0.000000
608707.327851 2489543.437482 0.000000
608702.398506 2489544.276002 0.000000
608697.469161 2489545.114521 0.000000
608692.539816 2489545.953040 0.000000
608687.610471 2489546.791559 0.000000
608682.681126 2489547.630079 0.000000
608677.751781 2489548.468598 0.000000
608672.822436 2489549.307117 0.000000
608667.893091 2489550.145636 0.000000
608662.963746 2489550.984156 0.000000
608658.034401 2489551.822675 0.000000
608653.105056 2489552.661194 0.000000
608648.175711 2489553.499713 0.000000
608643.246366 2489554.338233 0.000000
608638.317021 2489555.176752 0.000000
608633.387676 2489556.015271 0.000000
608628.458331 2489556.853790 0.000000
608623.528986 2489557.692310 0.000000
608618.599641 2489558.530829 0.000000
608613.670296 2489559.369348 0.000000
608608.740952 2489560.207867 0.000000
608603.811607 2489561.046387 0.000000
608598.882262 2489561.884906 0.000000
608593.952917 2489562.723425 0.000000
608589.023572 2489563.561944 0.000000
608584.094227 2489564.400464 0.000000
608579.164882 2489565.238983 0.000000
608574.235537 2489566.077502 0.000000
608569.306192 2489566.916021 0.000000
608564.376847 2489567.754541 0.000000
608559.447502 2489568.593060 0.000000
608554.518157 2489569.431579 0.000000
608549.588812 2489570.270098 0.000000
608544.659467 2489571.108618 0.000000
608539.730122 2489571.947137 0.000000
608534.800777 2489572.785656 0.000000
608529.871432 2489573.624175 0.000000
608524.942087 2489574.462695 0.000000
608520.012742 2489575.301214 0.000000
608515.083397 2489576.139733 0.000000
608510.154052 2489576.978252 0.000000
608505.224707 2489577.816772 0.000000
608500.295362 2489578.655291 0.000000
608495.366017 2489579.493810 0.000000
608490.436672 2489580.332329 0.000000
608485.507327 2489581.170849 0.000000
608480.577982 2489582.009368 0.000000
608475.648638 2489582.847887 0.000000
608470.719293 2489583.686406 0.000000
608465.789948 2489584.524926 0.000000
608460.860603 2489585.363445 0.000000
608455.931258 2489586.201964 0.000000
608451.001913 2489587.040483 0.000000
608446.072568 2489587.879002 0.000000
608441.143223 2489588.717522 0.000000
608436.213878 2489589.556041 0.000000
608431.284533 2489590.394560 0.000000
608426.355188 2489591.233079 0.000000
608421.425843 2489592.071599 0.000000
608416.496498 2489592.910118 0.000000
608411.567153 2489593.748637 0.000000
608406.637808 2489594.587156 0.000000
608401.708463 2489595.425676 0.000000
608396.779118 2489596.264195 0.000000
608391.849773 2489597.102714 0.000000
608386.920428 2489597.941233 0.000000
608381.991083 2489598.779753 0.000000
608377.061738 2489599.618272 0.000000
608372.132393 2489600.456791 0.000000
608367.203048 2489601.295310 0.000000
608362.273703 2489602.133830 0.000000
608357.344358 2489602.972349 0.000000
608352.415013 2489603.810868 0.000000
608347.485668 2489604.649387 0.000000
608342.556324 2489605.487907 0.000000
608337.626979 2489606.326426 0.000000
608332.697634 2489607.164945 0.000000
608327.768289 2489608.003464 0.000000
608322.838944 2489608.841984 0.000000
608317.909599 2489609.680503 0.000000
608312.980254 2489610.519022 0.000000
608308.050909 2489611.357541 0.000000
608303.121564 2489612.196061 0.000000
608298.192219 2489613.034580 0.000000
608293.262874 2489613.873099 0.000000
608288.333529 2489614.711618 0.000000
608283.404184 2489615.550138 0.000000
608278.474839 2489616.388657 0.000000
608273.545494 2489617.227176 0.000000
608268.616149 2489618.065695 0.000000
608263.686804 2489618.904215 0.000000
608258.757459 2489619.742734 0.000000
608253.828114 2489620.581253 0.000000
608248.898769 2489621.419772 0.000000
608243.969424 2489622.258292 0.000000
608239.040079 2489623.096811 0.000000
608234.110734 2489623.935330 0.000000
608229.181389 2489624.773849 0.000000
608224.252044 2489625.612369 0.000000
608219.322699 2489626.450888 0.000000
608214.393354 2489627.289407 0.000000
608209.464010 2489628.127926 0.000000
608204.534665 2489628.966446 0.000000
608199.605320 2489629.804965 0.000000
608194.675975 2489630.643484 0.000000
608189.746630 2489631.482003 0.000000
608184.817285 2489632.320523 0.000000
608179.887940 2489633.159042 0.000000
608174.958595 2489633.997561 0.000000
608170.029250 2489634.836080 0.000000
608165.099905 2489635.674599 0.000000
608160.170560 2489636.513119 0.000000
608155.241215 2489637.351638 0.000000
608150.311870 2489638.190157 0.000000
608145.382525 2489639.028676 0.000000
608140.453180 2489639.867196 0.000000
608135.523835 2489640.705715 0.000000
608130.594490 2489641.544234 0.000000
608125.665145 2489642.382753 0.000000
608120.735800 2489643.221273 0.000000
608115.806455 2489644.059792 0.000000
608110.877110 2489644.898311 0.000000
608105.947765 2489645.736830 0.000000
608101.018420 2489646.575350 0.000000
608096.089075 2489647.413869 0.000000
608091.159730 2489648.252388 0.000000
608086.230385 2489649.090907 0.000000
608081.301040 2489649.929427 0.000000
608076.371696 2489650.767946 0.000000
608071.442351 2489651.606465 0.000000
608066.513006 2489652.444984 0.000000
608061.583661 2489653.283504 0.000000
608056.654316 2489654.122023 0.000000
608051.724971 2489654.960542 0.000000
608046.795626 2489655.799061 0.000000
608041.866281 2489656.637581 0.000000
608036.936936 2489657.476100 0.000000
608032.007591 2489658.314619 0.000000
608027.078246 2489659.153138 0.000000
608022.148901 2489659.991658 0.000000
608017.219556 2489660.830177 0.000000
608012.290211 2489661.668696 0.000000
608007.360866 2489662.507215 0.000000
608002.431521 2489663.345735 0.000000
607997.502176 2489664.184254 0.000000
607992.572831 2489665.022773 0.000000
607987.643486 2489665.861292 0.000000
607982.714141 2489666.699812 0.000000
607977.784796 2489667.538331 0.000000
607972.855451 2489668.376850 0.000000
607967.926106 2489669.215369 0.000000
607962.996761 2489670.053889 0.000000
607958.067416 2489670.892408 0.000000
607953.138071 2489671.730927 0.000000
607948.208726 2489672.569446 0.000000
607943.279382 2489673.407966 0.000000
607938.350037 2489674.246485 0.000000
607933.420692 2489675.085004 0.000000
607928.491347 2489675.923523 0.000000
607923.562002 2489676.762043 0.000000
607918.632657 2489677.600562 0.000000
607913.703312 2489678.439081 0.000000
607908.773967 2489679.277600 0.000000
607903.844622 2489680.116120 0.000000
607898.915277 2489680.954639 0.000000
607893.985932 2489681.793158 0.000000
607889.056587 2489682.631677 0.000000
607884.127242 2489683.470197 0.000000
607879.197897 2489684.308716 0.000000
607874.268552 2489685.147235 0.000000
607869.339207 2489685.985754 0.000000
607864.409862 2489686.824273 0.000000
607859.480517 2489687.662793 0.000000
607854.551172 2489688.501312 0.000000
607849.621827 2489689.339831 0.000000
607844.692482 2489690.178350 0.000000
607839.763137 2489691.016870 0.000000
607834.833792 2489691.855389 0.000000
607829.904447 2489692.693908 0.000000
607824.975102 2489693.532427 0.000000
607820.045757 2489694.370947 0.000000
607815.116412 2489695.209466 0.000000
607810.187068 2489696.047985 0.000000
607805.257723 2489696.886504 0.000000
607800.328378 2489697.725024 0.000000
607795.399033 2489698.563543 0.000000
607790.469688 2489699.402062 0.000000
607785.540343 2489700.240581 0.000000
607780.610998 2489701.079101 0.000000
607775.681653 2489701.917620 0.000000
607770.752308 2489702.756139 0.000000
607765.822963 2489703.594658 0.000000
607760.893618 2489704.433178 0.000000
607755.964273 2489705.271697 0.000000
607751.034928 2489706.110216 0.000000
607746.105583 2489706.948735 0.000000
607741.176238 2489707.787255 0.000000
607736.246893 2489708.625774 0.000000
607731.317548 2489709.464293 0.000000
607726.388203 2489710.302812 0.000000
607721.458858 2489711.141332 0.000000
607716.529513 2489711.979851 0.000000
607711.600168 2489712.818370 0.000000
607706.670823 2489713.656889 0.000000
607701.741478 2489714.495409 0.000000
607696.812133 2489715.333928 0.000000
607691.882788 2489716.172447 0.000000
607686.953443 2489717.010966 0.000000
607682.024098 2489717.849486 0.000000
607677.094754 2489718.688005 0.000000
607672.165409 2489719.526524 0.000000
607667.236064 2489720.365043 0.000000
607662.306719 2489721.203563 0.000000
607657.377374 2489722.042082 0.000000
607652.448029 2489722.880601 0.000000
607647.518684 2489723.719120 0.000000
607642.589339 2489724.557640 0.000000
607637.659994 2489725.396159 0.000000
607632.730649 2489726.234678 0.000000
607627.801304 2489727.073197 0.000000
607622.871959 2489727.911717 0.000000
607617.942614 2489728.750236 0.000000
607613.013269 2489729.588755 0.000000
607608.083924 2489730.427274 0.000000
607603.154579 2489731.265794 0.000000
607598.225234 2489732.104313 0.000000
607593.295889 2489732.942832 0.000000
607588.366544 2489733.781351 0.000000
607583.437199 2489734.619870 0.000000
607578.507854 2489735.458390 0.000000
607573.578509 2489736.296909 0.000000
607568.649164 2489737.135428 0.000000
607563.719819 2489737.973947 0.000000
607558.790474 2489738.812467 0.000000
607553.861129 2489739.650986 0.000000
607548.931784 2489740.489505 0.000000
607544.002440 2489741.328024 0.000000
607539.073095 2489742.166544 0.000000
607534.143750 2489743.005063 0.000000
607529.214405 2489743.843582 0.000000
607524.285060 2489744.682101 0.000000
607519.355715 2489745.520621 0.000000
607514.426370 2489746.359140 0.000000
607509.497025 2489747.197659 0.000000
607504.567680 2489748.036178 0.000000
607499.638335 2489748.874698 0.000000
607494.708990 2489749.713217 0.000000
607489.779645 2489750.551736 0.000000
607484.850300 2489751.390255 0.000000
607479.920955 2489752.228775 0.000000
607474.991610 2489753.067294 0.000000
607470.062265 2489753.905813 0.000000
607465.132920 2489754.744332 0.000000
607460.203575 2489755.582852 0.000000
607455.274230 2489756.421371 0.000000
607450.344885 2489757.259890 0.000000
607445.415540 2489758.098409 0.000000
607440.486195 2489758.936929 0.000000
607435.556850 2489759.775448 0.000000
607430.627505 2489760.613967 0.000000
607425.698160 2489761.452486 0.000000
607420.768815 2489762.291006 0.000000
607415.839470 2489763.129525 0.000000
607410.910126 2489763.968044 0.000000
607405.980781 2489764.806563 0.000000
607401.051436 2489765.645083 0.000000
607396.122091 2489766.483602 0.000000
607391.192746 2489767.322121 0.000000
607386.263401 2489768.160640 0.000000
607381.334056 2489768.999160 0.000000
607376.404711 2489769.837679 0.000000
607371.475366 2489770.676198 0.000000
607366.546021 2489771.514717 0.000000
607361.616676 2489772.353237 0.000000
607356.687331 2489773.191756 0.000000
607351.757986 2489774.030275 0.000000
607346.828641 2489774.868794 0.000000
607341.899296 2489775.707314 0.000000
607336.969951 2489776.545833 0.000000
607332.040606 2489777.384352 0.000000
607327.111261 2489778.222871 0.000000
607322.181916 2489779.061391 0.000000
607317.252571 2489779.899910 0.000000
607312.323226 2489780.738429 0.000000
607307.393881 2489781.576948 0.000000
607302.464536 2489782.415468 0.000000
607297.535191 2489783.253987 0.000000
607292.605846 2489784.092506 0.000000
607287.676501 2489784.931025 0.000000
607282.747156 2489785.769544 0.000000
607277.817812 2489786.608064 0.000000
607272.888467 2489787.446583 0.000000
607267.959122 2489788.285102 0.000000
607263.029777 2489789.123621 0.000000
607258.100432 2489789.962141 0.000000
607253.171087 2489790.800660 0.000000
607248.241742 2489791.639179 0.000000
607243.312397 2489792.477698 0.000000
607238.383052 2489793.316218 0.000000
607233.453707 2489794.154737 0.000000
607228.524362 2489794.993256 0.000000
607223.595017 2489795.831775 0.000000
607218.665672 2489796.670295 0.000000
607213.736327 2489797.508814 0.000000
607208.806982 2489798.347333 0.000000
607203.877637 2489799.185852 0.000000
607198.948292 2489800.024372 0.000000
607194.018947 2489800.862891 0.000000
607189.089602 2489801.701410 0.000000
607184.160257 2489802.539929 0.000000
607179.230912 2489803.378449 0.000000
607174.301567 2489804.216968 0.000000
607169.372222 2489805.055487 0.000000
607164.442877 2489805.894006 0.000000
607159.513532 2489806.732526 0.000000
607154.584187 2489807.571045 0.000000
607149.654842 2489808.409564 0.000000
607144.725498 2489809.248083 0.000000
607139.796153 2489810.086603 0.000000
607134.866808 2489810.925122 0.000000
607129.937463 2489811.763641 0.000000
607125.008118 2489812.602160 0.000000
607120.078773 2489813.440680 0.000000
607115.149428 2489814.279199 0.000000
607110.220083 2489815.117718 0.000000
607105.290738 2489815.956237 0.000000
607100.361393 2489816.794757 0.000000
607095.432048 2489817.633276 0.000000
607090.502703 2489818.471795 0.000000
607085.573358 2489819.310314 0.000000
607080.644013 2489820.148834 0.000000
607075.714668 2489820.987353 0.000000
607070.785323 2489821.825872 0.000000
607065.855978 2489822.664391 0.000000
607060.926633 2489823.502911 0.000000
607055.997288 2489824.341430 0.000000
607051.067943 2489825.179949 0.000000
607046.138598 2489826.018468 0.000000
607041.209253 2489826.856988 0.000000
607036.279908 2489827.695507 0.000000
607031.350563 2489828.534026 0.000000
607026.421218 2489829.372545 0.000000
607021.491873 2489830.211065 0.000000
607016.562528 2489831.049584 0.000000
607011.633184 2489831.888103 0.000000
607006.703839 2489832.726622 0.000000
607001.774494 2489833.565141 0.000000
606996.845149 2489834.403661 0.000000
606991.915804 2489835.242180 0.000000
606986.986459 2489836.080699 0.000000
606982.057114 2489836.919218 0.000000
606977.127769 2489837.757738 0.000000
606972.198424 2489838.596257 0.000000
606967.269079 2489839.434776 0.000000
606962.339734 2489840.273295 0.000000
606957.410389 2489841.111815 0.000000
606952.481044 2489841.950334 0.000000
606947.551699 2489842.788853 0.000000
606942.622354 2489843.627372 0.000000
606937.693009 2489844.465892 0.000000
606932.763664 2489845.304411 0.000000
606927.834319 2489846.142930 0.000000
606922.904974 2489846.981449 0.000000
606917.975629 2489847.819969 0.000000
606913.046284 2489848.658488 0.000000
606908.116939 2489849.497007 0.000000
606903.187594 2489850.335526 0.000000
606898.258249 2489851.174046 0.000000
606893.328904 2489852.012565 0.000000
606888.399559 2489852.851084 0.000000
606883.470214 2489853.689603 0.000000
606878.540870 2489854.528123 0.000000
606873.611525 2489855.366642 0.000000
606868.682180 2489856.205161 0.000000
606863.752835 2489857.043680 0.000000
606858.823490 2489857.882200 0.000000
606853.894145 2489858.720719 0.000000
606848.964800 2489859.559238 0.000000
606844.035455 2489860.397757 0.000000
606839.106110 2489861.236277 0.000000
606834.176765 2489862.074796 0.000000
606829.247420 2489862.913315 0.000000
606824.318075 2489863.751834 0.000000
606819.388730 2489864.590354 0.000000
606814.459385 2489865.428873 0.000000
606809.530040 2489866.267392 0.000000
606804.600695 2489867.105911 0.000000
606799.671350 2489867.944431 0.000000
606794.742005 2489868.782950 0.000000
606789.812660 2489869.621469 0.000000
606784.883315 2489870.459988 0.000000
606779.953970 2489871.298508 0.000000
606775.024625 2489872.137027 0.000000
606770.095280 2489872.975546 0.000000
606765.165935 2489873.814065 0.000000
606760.236590 2489874.652585 0.000000
606755.307245 2489875.491104 0.000000
606750.377900 2489876.329623 0.000000
606745.448556 2489877.168142 0.000000
606740.519211 2489878.006662 0.000000
606735.589866 2489878.845181 0.000000
606730.660521 2489879.683700 0.000000
606725.731176 2489880.522219 0.000000
606720.801831 2489881.360739 0.000000
606715.872486 2489882.199258 0.000000
606710.943141 2489883.037777 0.000000
606706.013796 2489883.876296 0.000000
606701.084451 2489884.714815 0.000000
606696.155106 2489885.553335 0.000000
606691.225761 2489886.391854 0.000000
606686.296416 2489887.230373 0.000000
606681.367071 2489888.068892 0.000000
606676.437726 2489888.907412 0.000000
606671.508381 2489889.745931 0.000000
606666.579036 2489890.584450 0.000000
606661.649691 2489891.422969 0.000000
606656.720346 2489892.261489 0.000000
606651.791001 2489893.100008 0.000000
606646.861656 2489893.938527 0.000000
606641.932311 2489894.777046 0.000000
606637.002966 2489895.615566 0.000000
606632.073621 2489896.454085 0.000000
606627.144276 2489897.292604 0.000000
606622.214931 2489898.131123 0.000000
606617.285586 2489898.969643 0.000000
606612.356242 2489899.808162 0.000000
606607.426897 2489900.646681 0.000000
606602.497552 2489901.485200 0.000000
606597.568207 2489902.323720 0.000000
606592.638862 2489903.162239 0.000000
606587.709517 2489904.000758 0.000000
606582.780172 2489904.839277 0.000000
606577.850827 2489905.677797 0.000000
606572.921482 2489906.516316 0.000000
606567.992137 2489907.354835 0.000000
606563.062792 2489908.193354 0.000000
606558.133447 2489909.031874 0.000000
606553.204102 2489909.870393 0.000000
606548.274757 2489910.708912 0.000000
606543.345412 2489911.547431 0.000000
606538.416067 2489912.385951 0.000000
606533.486722 2489913.224470 0.000000
606528.557377 2489914.062989 0.000000
606523.628032 2489914.901508 0.000000
606518.698687 2489915.740028 0.000000
606513.769342 2489916.578547 0.000000
606508.839997 2489917.417066 0.000000
606503.910652 2489918.255585 0.000000
606498.981307 2489919.094105 0.000000
606494.051962 2489919.932624 0.000000
606489.122617 2489920.771143 0.000000
606484.193272 2489921.609662 0.000000
606479.263928 2489922.448182 0.000000
606474.334583 2489923.286701 0.000000
606469.405238 2489924.125220 0.000000
606464.475893 2489924.963739 0.000000
606459.546548 2489925.802259 0.000000
606454.617203 2489926.640778 0.000000
606449.687858 2489927.479297 0.000000
606444.758513 2489928.317816 0.000000
606439.829168 2489929.156336 0.000000
606434.899823 2489929.994855 0.000000
606429.970478 2489930.833374 0.000000
606425.041133 2489931.671893 0.000000
606420.111788 2489932.510412 0.000000
606415.182443 2489933.348932 0.000000
606410.253098 2489934.187451 0.000000
606405.323753 2489935.025970 0.000000
606400.394408 2489935.864489 0.000000
606395.465063 2489936.703009 0.000000
606390.535718 2489937.541528 0.000000
606385.606373 2489938.380047 0.000000
606380.677028 2489939.218566 0.000000
606375.747683 2489940.057086 0.000000
606370.818338 2489940.895605 0.000000
606365.888993 2489941.734124 0.000000
606360.959648 2489942.572643 0.000000
606356.030303 2489943.411163 0.000000
606351.100958 2489944.249682 0.000000
606346.171614 2489945.088201 0.000000
606341.242269 2489945.926720 0.000000
606336.312924 2489946.765240 0.000000
606331.383579 2489947.603759 0.000000
606326.454234 2489948.442278 0.000000
606321.524889 2489949.280797 0.000000
606316.595544 2489950.119317 0.000000
606311.666199 2489950.957836 0.000000
606306.736854 2489951.796355 0.000000
606301.807509 2489952.634874 0.000000
606296.878164 2489953.473394 0.000000
606291.948819 2489954.311913 0.000000
606287.019474 2489955.150432 0.000000
606282.090129 2489955.988951 0.000000
606277.160784 2489956.827471 0.000000
606272.231439 2489957.665990 0.000000
606267.302094 2489958.504509 0.000000
606262.372749 2489959.343028 0.000000
606257.443404 2489960.181548 0.000000
606252.514059 2489961.020067 0.000000
606247.584714 2489961.858586 0.000000
606242.655369 2489962.697105 0.000000
606237.726024 2489963.535625 0.000000
606232.796679 2489964.374144 0.000000
606227.867334 2489965.212663 0.000000
606222.937989 2489966.051182 0.000000
606218.008644 2489966.889702 0.000000
606213.079300 2489967.728221 0.000000
606208.149955 2489968.566740 0.000000
606203.220610 2489969.405259 0.000000
606198.291265 2489970.243779 0.000000
606193.361920 2489971.082298 0.000000
606188.432575 2489971.920817 0.000000
606183.503230 2489972.759336 0.000000
606178.573885 2489973.597856 0.000000
606173.644540 2489974.436375 0.000000
606168.715195 2489975.274894 0.000000
606163.785850 2489976.113413 0.000000
606158.856505 2489976.951933 0.000000
606153.927160 2489977.790452 0.000000
606148.997815 2489978.628971 0.000000
606144.068470 2489979.467490 0.000000
606139.139125 2489980.306010 0.000000
606134.209780 2489981.144529 0.000000
606129.280435 2489981.983048 0.000000
606124.351090 2489982.821567 0.000000
606119.421745 2489983.660086 0.000000
606114.492400 2489984.498606 0.000000
606109.563055 2489985.337125 0.000000
606104.633710 2489986.175644 0.000000
606099.704365 2489987.014163 0.000000
606094.775020 2489987.852683 0.000000
606089.845675 2489988.691202 0.000000
606084.916330 2489989.529721 0.000000
606079.986986 2489990.368240 0.000000
606075.057641 2489991.206760 0.000000
606070.128296 2489992.045279 0.000000
606065.198951 2489992.883798 0.000000
606060.269606 2489993.722317 0.000000
606055.340261 2489994.560837 0.000000
606050.410916 2489995.399356 0.000000
606045.481571 2489996.237875 0.000000
606040.552226 2489997.076394 0.000000
606035.622881 2489997.914914 0.000000
606030.693536 2489998.753433 0.000000
606025.764191 2489999.591952 0.000000
606020.834846 2490000.430471 0.000000
606015.905501 2490001.268991 0.000000
606010.976156 2490002.107510 0.000000
606006.046811 2490002.946029 0.000000
606001.117466 2490003.784548 0.000000
605996.188121 2490004.623068 0.000000
605991.258776 2490005.461587 0.000000
605986.329431 2490006.300106 0.000000
605981.400086 2490007.138625 0.000000
605976.470741 2490007.977145 0.000000
605971.541396 2490008.815664 0.000000
605966.612051 2490009.654183 0.000000
605961.682706 2490010.492702 0.000000
605956.753361 2490011.331222 0.000000
605951.824016 2490012.169741 0.000000
605946.894672 2490013.008260 0.000000
605941.965327 2490013.846779 0.000000
605937.035982 2490014.685299 0.000000
605932.106637 2490015.523818 0.000000
605927.177292 2490016.362337 0.000000
605922.247947 2490017.200856 0.000000
605917.318602 2490018.039376 0.000000
605912.389257 2490018.877895 0.000000
605907.459912 2490019.716414 0.000000
605902.530567 2490020.554933 0.000000
605897.601222 2490021.393453 0.000000
605892.671877 2490022.231972 0.000000
605887.742532 2490023.070491 0.000000
605882.813187 2490023.909010 0.000000
605877.883842 2490024.747530 0.000000
605872.954497 2490025.586049 0.000000
605868.025152 2490026.424568 0.000000
605863.095807 2490027.263087 0.000000
605858.166462 2490028.101607 0.000000
605853.237117 2490028.940126 0.000000
605848.307772 2490029.778645 0.000000
605843.378427 2490030.617164 0.000000
605838.449082 2490031.455683 0.000000
605833.519737 2490032.294203 0.000000
605828.590392 2490033.132722 0.000000
605823.661047 2490033.971241 0.000000
605818.731702 2490034.809760 0.000000
605813.802358 2490035.648280 0.000000
605808.873013 2490036.486799 0.000000
605803.943668 2490037.325318 0.000000
605799.014323 2490038.163837 0.000000
605794.084978 2490039.002357 0.000000
605789.155633 2490039.840876 0.000000
605784.226288 2490040.679395 0.000000
605779.296943 2490041.517914 0.000000
605774.367598 2490042.356434 0.000000
605769.438253 2490043.194953 0.000000
605764.508908 2490044.033472 0.000000
605759.579563 2490044.871991 0.000000
605754.650218 2490045.710511 0.000000
605749.720873 2490046.549030 0.000000
605744.791528 2490047.387549 0.000000
605739.862183 2490048.226068 0.000000
605734.932838 2490049.064588 0.000000
605730.003493 2490049.903107 0.000000
605725.074148 2490050.741626 0.000000
605720.144803 2490051.580145 0.000000
605715.215458 2490052.418665 0.000000
605710.286113 2490053.257184 0.000000
605705.356768 2490054.095703 0.000000
605700.427423 2490054.934222 0.000000
605695.498078 2490055.772742 0.000000
605690.568733 2490056.611261 0.000000
605685.639388 2490057.449780 0.000000
605680.710044 2490058.288299 0.000000
605675.780699 2490059.126819 0.000000
605670.851354 2490059.965338 0.000000
605665.922009 2490060.803857 0.000000
605660.992664 2490061.642376 0.000000
605656.063319 2490062.480896 0.000000
605651.133974 2490063.319415 0.000000
605646.204629 2490064.157934 0.000000
605641.275284 2490064.996453 0.000000
605636.345939 2490065.834973 0.000000
605631.416594 2490066.673492 0.000000
605626.487249 2490067.512011 0.000000
605621.557904 2490068.350530 0.000000
605616.628559 2490069.189050 0.000000
605611.699214 2490070.027569 0.000000
605606.769869 2490070.866088 0.000000
605601.840524 2490071.704607 0.000000
605596.911179 2490072.543127 0.000000
605591.981834 2490073.381646 0.000000
605587.052489 2490074.220165 0.000000
605582.123144 2490075.058684 0.000000
605577.193799 2490075.897204 0.000000
605572.264454 2490076.735723 0.000000
605567.335109 2490077.574242 0.000000
605562.405764 2490078.412761 0.000000
605557.476419 2490079.251281 0.000000
605552.547074 2490080.089800 0.000000
605547.617730 2490080.928319 0.000000
605542.688385 2490081.766838 0.000000
605537.759040 2490082.605357 0.000000
605532.829695 2490083.443877 0.000000
605527.900350 2490084.282396 0.000000
605522.971005 2490085.120915 0.000000
605518.041660 2490085.959434 0.000000
605513.112315 2490086.797954 0.000000
605508.182970 2490087.636473 0.000000
605503.253625 2490088.474992 0.000000
605498.324280 2490089.313511 0.000000
605493.394935 2490090.152031 0.000000
605488.465590 2490090.990550 0.000000
605483.536245 2490091.829069 0.000000
605478.606900 2490092.667588 0.000000
605473.677555 2490093.506108 0.000000
605468.748210 2490094.344627 0.000000
605463.818865 2490095.183146 0.000000
605458.889520 2490096.021665 0.000000
605453.960175 2490096.860185 0.000000
605449.030830 2490097.698704 0.000000
605444.101485 2490098.537223 0.000000
605439.172140 2490099.375742 0.000000
605434.242795 2490100.214262 0.000000
605429.313450 2490101.052781 0.000000
605424.384105 2490101.891300 0.000000
605419.454760 2490102.729819 0.000000
605414.525416 2490103.568339 0.000000
605409.596071 2490104.406858 0.000000
605404.666726 2490105.245377 0.000000
605399.737381 2490106.083896 0.000000
605394.808036 2490106.922416 0.000000
605389.878691 2490107.760935 0.000000
605384.949346 2490108.599454 0.000000
605380.020001 2490109.437973 0.000000
605375.090656 2490110.276493 0.000000
605370.161311 2490111.115012 0.000000
605365.231966 2490111.953531 0.000000
605360.302621 2490112.792050 0.000000
605355.373276 2490113.630570 0.000000
605350.443931 2490114.469089 0.000000
605345.514586 2490115.307608 0.000000
605340.585241 2490116.146127 0.000000
605335.655896 2490116.984647 0.000000
605330.726551 2490117.823166 0.000000
605325.797206 2490118.661685 0.000000
605320.867861 2490119.500204 0.000000
605315.938516 2490120.338724 0.000000
605311.009171 2490121.177243 0.000000
605306.079826 2490122.015762 0.000000
605301.150481 2490122.854281 0.000000
605296.221136 2490123.692801 0.000000
605291.291791 2490124.531320 0.000000
605286.362446 2490125.369839 0.000000
605281.433102 2490126.208358 0.000000
605276.503757 2490127.046878 0.000000
605271.574412 2490127.885397 0.000000
605266.645067 2490128.723916 0.000000
605261.715722 2490129.562435 0.000000
605256.786377 2490130.400954 0.000000
605251.857032 2490131.239474 0.000000
605246.927687 2490132.077993 0.000000
605241.998342 2490132.916512 0.000000
605237.068997 2490133.755031 0.000000
605232.139652 2490134.593551 0.000000
605227.210307 2490135.432070 0.000000
605222.280962 2490136.270589 0.000000
605217.351617 2490137.109108 0.000000
605212.422272 2490137.947628 0.000000
605207.492927 2490138.786147 0.000000
605202.563582 2490139.624666 0.000000
605197.634237 2490140.463185 0.000000
605192.704892 2490141.301705 0.000000
605187.775547 2490142.140224 0.000000
605182.846202 2490142.978743 0.000000
605177.916857 2490143.817262 0.000000
605172.987512 2490144.655782 0.000000
605168.058167 2490145.494301 0.000000
605163.128822 2490146.332820 0.000000
605158.199477 2490147.171339 0.000000
605153.270132 2490148.009859 0.000000
605148.340788 2490148.848378 0.000000
605143.411443 2490149.686897 0.000000
605138.482098 2490150.525416 0.000000
605133.552753 2490151.363936 0.000000
605128.623408 2490152.202455 0.000000
605123.694063 2490153.040974 0.000000
605118.764718 2490153.879493 0.000000
605113.835373 2490154.718013 0.000000
605108.906028 2490155.556532 0.000000
605103.976683 2490156.395051 0.000000
605099.047338 2490157.233570 0.000000
605094.117993 2490158.072090 0.000000
605089.188648 2490158.910609 0.000000
605084.259303 2490159.749128 0.000000
605079.329958 2490160.587647 0.000000
605074.400613 2490161.426167 0.000000
605069.471268 2490162.264686 0.000000
605064.541923 2490163.103205 0.000000
605059.612578 2490163.941724 0.000000
605054.683233 2490164.780244 0.000000
605049.753888 2490165.618763 0.000000
605044.824543 2490166.457282 0.000000
605039.895198 2490167.295801 0.000000
605034.965853 2490168.134321 0.000000
605030.036508 2490168.972840 0.000000
605025.107163 2490169.811359 0.000000
605020.177818 2490170.649878 0.000000
605015.248474 2490171.488398 0.000000
605010.319129 2490172.326917 0.000000
605005.389784 2490173.165436 0.000000
605000.460439 2490174.003955 0.000000
604995.531094 2490174.842475 0.000000
604990.601749 2490175.680994 0.000000
604985.672404 2490176.519513 0.000000
604980.743059 2490177.358032 0.000000
604975.813714 2490178.196552 0.000000
604970.884369 2490179.035071 0.000000
604965.955024 2490179.873590 0.000000
604961.025679 2490180.712109 0.000000
604956.096334 2490181.550628 0.000000
604951.166989 2490182.389148 0.000000
604946.237644 2490183.227667 0.000000
604941.308299 2490184.066186 0.000000
604936.378954 2490184.904705 0.000000
604931.449609 2490185.743225 0.000000
604926.520264 2490186.581744 0.000000
604921.590919 2490187.420263 0.000000
604916.661574 2490188.258782 0.000000
604911.732229 2490189.097302 0.000000
604906.802884 2490189.935821 0.000000
604901.873539 2490190.774340 0.000000
604896.944194 2490191.612859 0.000000
604892.014849 2490192.451379 0.000000
604887.085504 2490193.289898 0.000000
604882.156160 2490194.128417 0.000000
604877.226815 2490194.966936 0.000000
604872.297470 2490195.805456 0.000000
604867.368125 2490196.643975 0.000000
604862.438780 2490197.482494 0.000000
604857.509435 2490198.321013 0.000000
604852.580090 2490199.159533 0.000000
604847.650745 2490199.998052 0.000000
604842.721400 2490200.836571 0.000000
604837.792055 2490201.675090 0.000000
604832.862710 2490202.513610 0.000000
604827.933365 2490203.352129 0.000000
604823.004020 2490204.190648 0.000000
604818.074675 2490205.029167 0.000000
604813.145330 2490205.867687 0.000000
604808.215985 2490206.706206 0.000000
604803.286640 2490207.544725 0.000000
604798.357295 2490208.383244 0.000000
604793.427950 2490209.221764 0.000000
604788.498605 2490210.060283 0.000000
604783.569260 2490210.898802 0.000000
604778.639915 2490211.737321 0.000000
604773.710570 2490212.575841 0.000000
604768.781225 2490213.414360 0.000000
604763.851880 2490214.252879 0.000000
604758.922535 2490215.091398 0.000000
604753.993190 2490215.929918 0.000000
604749.063846 2490216.768437 0.000000
604744.134501 2490217.606956 0.000000
604739.205156 2490218.445475 0.000000
604734.275811 2490219.283995 0.000000
604729.346466 2490220.122514 0.000000
604724.417121 2490220.961033 0.000000
604719.487776 2490221.799552 0.000000
604714.558431 2490222.638072 0.000000
604709.629086 2490223.476591 0.000000
604704.699741 2490224.315110 0.000000
604699.770396 2490225.153629 0.000000
604694.841051 2490225.992149 0.000000
604689.911706 2490226.830668 0.000000
604684.982361 2490227.669187 0.000000
604680.053016 2490228.507706 0.000000
604675.123671 2490229.346226 0.000000
604670.194326 2490230.184745 0.000000
604665.264981 2490231.023264 0.000000
604660.335636 2490231.861783 0.000000
604655.406291 2490232.700302 0.000000
604650.476946 2490233.538822 0.000000
604645.547601 2490234.377341 0.000000
604640.618256 2490235.215860 0.000000
604635.688911 2490236.054379 0.000000
604630.759566 2490236.892899 0.000000
604625.830221 2490237.731418 0.000000
604620.900876 2490238.569937 0.000000
604615.971532 2490239.408456 0.000000
604611.042187 2490240.246976 0.000000
604606.112842 2490241.085495 0.000000
604601.183497 2490241.924014 0.000000
604596.254152 2490242.762533 0.000000
604591.324807 2490243.601053 0.000000
604586.395462 2490244.439572 0.000000
604581.466117 2490245.278091 0.000000
604576.536772 2490246.116610 0.000000
604571.607427 2490246.955130 0.000000
604566.678082 2490247.793649 0.000000
604561.748737 2490248.632168 0.000000
604556.819392 2490249.470687 0.000000
604551.890047 2490250.309207 0.000000
604546.960702 2490251.147726 0.000000
604542.031357 2490251.986245 0.000000
604537.102012 2490252.824764 0.000000
604532.172667 2490253.663284 0.000000
604527.243322 2490254.501803 0.000000
604522.313977 2490255.340322 0.000000
604517.384632 2490256.178841 0.000000
604512.455287 2490257.017361 0.000000
604507.525942 2490257.855880 0.000000
604502.596597 2490258.694399 0.000000
604497.667252 2490259.532918 0.000000
604492.737907 2490260.371438 0.000000
604487.808562 2490261.209957 0.000000
604482.879218 2490262.048476 0.000000
604477.949873 2490262.886995 0.000000
604473.020528 2490263.725515 0.000000
604468.041588 2490264.336041 0.000000
604463.062648 2490264.946567 0.000000
604458.083708 2490265.557093 0.000000
604453.104768 2490266.167619 0.000000
604448.125828 2490266.778145 0.000000
604443.146888 2490267.388671 0.000000
604438.167948 2490267.999197 0.000000
604433.189008 2490268.609724 0.000000
604428.210068 2490269.220250 0.000000
604423.231129 2490269.830776 0.000000
604418.252189 2490270.441302 0.000000
604413.273249 2490271.051828 0.000000
604408.294309 2490271.662354 0.000000
604403.315369 2490272.272880 0.000000
604398.336429 2490272.883406 0.000000
604393.357489 2490273.493933 0.000000
604388.378549 2490274.104459 0.000000
604383.399609 2490274.714985 0.000000
604378.420669 2490275.325511 0.000000
604373.441730 2490275.936037 0.000000
604368.462790 2490276.546563 0.000000
604363.483850 2490277.157089 0.000000
604358.504910 2490277.767615 0.000000
604353.525970 2490278.378142 0.000000
604348.547030 2490278.988668 0.000000
604343.568090 2490279.599194 0.000000
604338.589150 2490280.209720 0.000000
604333.610210 2490280.820246 0.000000
604328.631271 2490281.430772 0.000000
604323.652331 2490282.041298 0.000000
604318.673391 2490282.651824 0.000000
604313.694451 2490283.262351 0.000000
604308.715511 2490283.872877 0.000000
604303.736571 2490284.483403 0.000000
604298.757631 2490285.093929 0.000000
604293.778691 2490285.704455 0.000000
604288.799751 2490286.314981 0.000000
604283.820811 2490286.925507 0.000000
604278.841872 2490287.536033 0.000000
604273.862932 2490288.146559 0.000000
604268.883992 2490288.757086 0.000000
604263.905052 2490289.367612 0.000000
604258.926112 2490289.978138 0.000000
604253.947172 2490290.588664 0.000000
604248.968232 2490291.199190 0.000000
604243.989292 2490291.809716 0.000000
604239.010352 2490292.420242 0.000000
604234.031412 2490293.030768 0.000000
604229.052473 2490293.641295 0.000000
604224.073533 2490294.251821 0.000000
604219.094593 2490294.862347 0.000000
604214.115653 2490295.472873 0.000000
604209.136713 2490296.083399 0.000000
604204.157773 2490296.693925 0.000000
604199.178833 2490297.304451 0.000000
604194.199893 2490297.914977 0.000000
604189.220953 2490298.525504 0.000000
604184.242013 2490299.136030 0.000000
604179.263074 2490299.746556 0.000000
604174.284134 2490300.357082 0.000000
604169.305194 2490300.967608 0.000000
604164.326254 2490301.578134 0.000000
604159.347314 2490302.188660 0.000000
604154.368374 2490302.799186 0.000000
604149.389434 2490303.409713 0.000000
604144.410494 2490304.020239 0.000000
604139.431554 2490304.630765 0.000000
604134.452614 2490305.241291 0.000000
604129.473675 2490305.851817 0.000000
604124.494735 2490306.462343 0.000000
604119.515795 2490307.072869 0.000000
604114.536855 2490307.683395 0.000000
604109.557915 2490308.293922 0.000000
604104.578975 2490308.904448 0.000000
604099.600035 2490309.514974 0.000000
604094.621095 2490310.125500 0.000000
604089.642155 2490310.736026 0.000000
604084.663215 2490311.346552 0.000000
604079.684276 2490311.957078 0.000000
604074.705336 2490312.567604 0.000000
604069.726396 2490313.178131 0.000000
604064.747456 2490313.788657 0.000000
604059.768516 2490314.399183 0.000000
604054.789576 2490315.009709 0.000000
604049.810636 2490315.620235 0.000000
604044.831696 2490316.230761 0.000000
604039.852756 2490316.841287 0.000000
604034.873816 2490317.451813 0.000000
604029.894877 2490318.062339 0.000000
604024.915937 2490318.672866 0.000000
604019.936997 2490319.283392 0.000000
604014.958057 2490319.893918 0.000000
604009.979117 2490320.504444 0.000000
604005.000177 2490321.114970 0.000000
604000.021237 2490321.725496 0.000000
603995.029648 2490322.238101 0.000000
603990.038059 2490322.750706 0.000000
603985.046470 2490323.263311 0.000000
603980.054881 2490323.775916 0.000000
603975.063291 2490324.288521 0.000000
603970.071702 2490324.801126 0.000000
603965.080113 2490325.313731 0.000000
603960.088524 2490325.826336 0.000000
603955.096935 2490326.338941 0.000000
603950.105346 2490326.851546 0.000000
603945.113756 2490327.364151 0.000000
603940.122167 2490327.876756 0.000000
603935.130578 2490328.389361 0.000000
603930.138989 2490328.901966 0.000000
603925.147400 2490329.414571 0.000000
603920.155811 2490329.927176 0.000000
603915.164221 2490330.439781 0.000000
603910.172632 2490330.952386 0.000000
603905.181043 2490331.464991 0.000000
603900.189454 2490331.977596 0.000000
603895.197865 2490332.490201 0.000000
603890.206276 2490333.002806 0.000000
603885.214686 2490333.515411 0.000000
603880.223097 2490334.028016 0.000000
603875.231508 2490334.540621 0.000000
603870.239919 2490335.053226 0.000000
603865.248330 2490335.565831 0.000000
603860.256741 2490336.078436 0.000000
603855.265151 2490336.591041 0.000000
603850.273562 2490337.103646 0.000000
603845.281973 2490337.616251 0.000000
603840.290384 2490338.128856 0.000000
603835.298795 2490338.641461 0.000000
603830.307206 2490339.154066 0.000000
603825.315616 2490339.666671 0.000000
603820.324027 2490340.179276 0.000000
603815.332438 2490340.691881 0.000000
603810.340849 2490341.204486 0.000000
603805.349260 2490341.717091 0.000000
603800.357671 2490342.229696 0.000000
603795.366081 2490342.742301 0.000000
603790.374492 2490343.254906 0.000000
603785.382903 2490343.767511 0.000000
603780.391314 2490344.280116 0.000000
603775.399725 2490344.792721 0.000000
603770.408136 2490345.305326 0.000000
603765.416546 2490345.817931 0.000000
603760.424957 2490346.330536 0.000000
603755.433368 2490346.843141 0.000000
603750.441779 2490347.355746 0.000000
603745.450190 2490347.868351 0.000000
603740.458601 2490348.380956 0.000000
603735.467011 2490348.893561 0.000000
603730.475422 2490349.406166 0.000000
603725.483833 2490349.918771 0.000000
603720.492244 2490350.431376 0.000000
603715.500655 2490350.943981 0.000000
603710.509066 2490351.456586 0.000000
603705.517476 2490351.969191 0.000000
603700.525887 2490352.481796 0.000000
603695.534298 2490352.994401 0.000000
603690.542709 2490353.507006 0.000000
603685.551120 2490354.019611 0.000000
603680.559531 2490354.532216 0.000000
603675.567941 2490355.044821 0.000000
603670.576352 2490355.557426 0.000000
603665.584763 2490356.070031 0.000000
603660.593174 2490356.582636 0.000000
603655.601585 2490357.095241 0.000000
603650.609996 2490357.607846 0.000000
603645.618406 2490358.120451 0.000000
603640.626817 2490358.633056 0.000000
603635.635228 2490359.145661 0.000000
603630.643639 2490359.658266 0.000000
603625.652050 2490360.170871 0.000000
603620.660461 2490360.683476 0.000000
603615.668871 2490361.196081 0.000000
603610.677282 2490361.708686 0.000000
603605.685693 2490362.221291 0.000000
603600.694104 2490362.733896 0.000000
603595.702515 2490363.246501 0.000000
603590.710926 2490363.759106 0.000000
603585.719336 2490364.271711 0.000000
603580.727747 2490364.784316 0.000000
603575.736158 2490365.296921 0.000000
603570.744569 2490365.809526 0.000000
603565.752980 2490366.322131 0.000000
603560.761391 2490366.834736 0.000000
603555.769801 2490367.347341 0.000000
603550.778212 2490367.859946 0.000000
603545.786623 2490368.372551 0.000000
603540.795034 2490368.885156 0.000000
603535.803445 2490369.397761 0.000000
603530.811856 2490369.910366 0.000000
603525.820266 2490370.422971 0.000000
603520.828677 2490370.935576 0.000000
603515.837088 2490371.448181 0.000000
603510.845499 2490371.960786 0.000000
603505.853910 2490372.473391 0.000000
603500.862321 2490372.985996 0.000000
603495.870731 2490373.498601 0.000000
603490.879142 2490374.011206 0.000000
603485.887553 2490374.523811 0.000000
603480.895964 2490375.036416 0.000000
603475.904375 2490375.549021 0.000000
603470.912786 2490376.061625 0.000000
603465.921196 2490376.574230 0.000000
603460.929607 2490377.086835 0.000000
603455.938018 2490377.599440 0.000000
603450.946429 2490378.112045 0.000000
603445.954840 2490378.624650 0.000000
603440.963251 2490379.137255 0.000000
603435.971661 2490379.649860 0.000000
603430.980072 2490380.162465 0.000000
603425.988483 2490380.675070 0.000000
603420.996894 2490381.187675 0.000000
603416.005305 2490381.700280 0.000000
603411.013716 2490382.212885 0.000000
603406.022126 2490382.725490 0.000000
603401.035379 2490383.374497 0.000000
603396.048632 2490384.023503 0.000000
603391.061884 2490384.672510 0.000000
603386.075137 2490385.321516 0.000000
603381.088389 2490385.970522 0.000000
603376.101642 2490386.619529 0.000000
603371.114894 2490387.268535 0.000000
603366.128147 2490387.917541 0.000000
603361.141399 2490388.566548 0.000000
603356.154652 2490389.215554 0.000000
603351.167904 2490389.864560 0.000000
603346.181157 2490390.513567 0.000000
603341.194409 2490391.162573 0.000000
603336.207662 2490391.811580 0.000000
603331.220914 2490392.460586 0.000000
603326.234167 2490393.109592 0.000000
603321.247419 2490393.758599 0.000000
603316.260672 2490394.407605 0.000000
603311.273924 2490395.056611 0.000000
603306.287177 2490395.705618 0.000000
603301.300429 2490396.354624 0.000000
603296.313682 2490397.003630 0.000000
603291.326934 2490397.652637 0.000000
603286.340187 2490398.301643 0.000000
603281.353439 2490398.950650 0.000000
603276.366692 2490399.599656 0.000000
603271.379944 2490400.248662 0.000000
603266.393197 2490400.897669 0.000000
603261.406450 2490401.546675 0.000000
603256.419702 2490402.195681 0.000000
603251.432955 2490402.844688 0.000000
603246.446207 2490403.493694 0.000000
603241.459460 2490404.142700 0.000000
603236.472712 2490404.791707 0.000000
603231.485965 2490405.440713 0.000000
603226.499217 2490406.089720 0.000000
603221.512470 2490406.738726 0.000000
603216.525722 2490407.387732 0.000000
603211.538975 2490408.036739 0.000000
603206.552227 2490408.685745 0.000000
603201.565480 2490409.334751 0.000000
603196.578732 2490409.983758 0.000000
603191.591985 2490410.632764 0.000000
603186.605237 2490411.281770 0.000000
603181.618490 2490411.930777 0.000000
603176.631742 2490412.579783 0.000000
603171.644995 2490413.228790 0.000000
603166.658247 2490413.877796 0.000000
603161.671500 2490414.526802 0.000000
603156.684752 2490415.175809 0.000000
603151.698005 2490415.824815 0.000000
603146.711257 2490416.473821 0.000000
603141.724510 2490417.122828 0.000000
603136.737762 2490417.771834 0.000000
603131.751015 2490418.420840 0.000000
603126.764268 2490419.069847 0.000000
603121.777520 2490419.718853 0.000000
603116.790773 2490420.367860 0.000000
603111.804025 2490421.016866 0.000000
603106.817278 2490421.665872 0.000000
603101.830530 2490422.314879 0.000000
603096.843783 2490422.963885 0.000000
603091.857035 2490423.612891 0.000000
603086.870288 2490424.261898 0.000000
603081.883540 2490424.910904 0.000000
603076.896793 2490425.559910 0.000000
603071.910045 2490426.208917 0.000000
603066.923298 2490426.857923 0.000000
603061.936550 2490427.506930 0.000000
603056.949803 2490428.155936 0.000000
603051.963055 2490428.804942 0.000000
603046.976308 2490429.453949 0.000000
603041.989560 2490430.102955 0.000000
603037.002813 2490430.751961 0.000000
603032.016065 2490431.400968 0.000000
603027.029318 2490432.049974 0.000000
603022.042570 2490432.698980 0.000000
603017.055823 2490433.347987 0.000000
603012.069075 2490433.996993 0.000000
603007.082328 2490434.646000 0.000000
603002.095580 2490435.295006 0.000000
602997.108833 2490435.944012 0.000000
602992.122086 2490436.593019 0.000000
602987.135338 2490437.242025 0.000000
602982.148591 2490437.891031 0.000000
602977.161843 2490438.540038 0.000000
602972.175096 2490439.189044 0.000000
602967.188348 2490439.838051 0.000000
602962.201601 2490440.487057 0.000000
602957.214853 2490441.136063 0.000000
602952.228106 2490441.785070 0.000000
602947.241358 2490442.434076 0.000000
602942.254611 2490443.083082 0.000000
602937.267863 2490443.732089 0.000000
602932.281116 2490444.381095 0.000000
602927.294368 2490445.030101 0.000000
602922.307621 2490445.679108 0.000000
602917.320873 2490446.328114 0.000000
602912.334126 2490446.977121 0.000000
602907.347378 2490447.626127 0.000000
602902.360631 2490448.275133 0.000000
602897.373883 2490448.924140 0.000000
602892.387136 2490449.573146 0.000000
602887.400388 2490450.222152 0.000000
602882.413641 2490450.871159 0.000000
602877.426893 2490451.520165 0.000000
602872.440146 2490452.169171 0.000000
602867.453398 2490452.818178 0.000000
602862.466651 2490453.467184 0.000000
602857.479903 2490454.116191 0.000000
602852.493156 2490454.765197 0.000000
602847.506409 2490455.414203 0.000000
602842.519661 2490456.063210 0.000000
602837.532914 2490456.712216 0.000000
602832.546166 2490457.361222 0.000000
602827.559419 2490458.010229 0.000000
602822.572671 2490458.659235 0.000000
602817.585924 2490459.308241 0.000000
602812.599176 2490459.957248 0.000000
602807.612429 2490460.606254 0.000000
602802.625681 2490461.255261 0.000000
602797.638934 2490461.904267 0.000000
602792.652186 2490462.553273 0.000000
602787.665439 2490463.202280 0.000000
602782.678691 2490463.851286 0.000000
602777.691944 2490464.500292 0.000000
602772.705196 2490465.149299 0.000000
602767.718449 2490465.798305 0.000000
602762.731701 2490466.447311 0.000000
602757.744954 2490467.096318 0.000000
602752.758206 2490467.745324 0.000000
602747.771459 2490468.394331 0.000000
602742.784711 2490469.043337 0.000000
602737.797964 2490469.692343 0.000000
602732.811216 2490470.341350 0.000000
602727.824469 2490470.990356 0.000000
602722.837721 2490471.639362 0.000000
602717.850974 2490472.288369 0.000000
602712.864227 2490472.937375 0.000000
602707.877479 2490473.586381 0.000000
602702.890732 2490474.235388 0.000000
602697.903984 2490474.884394 0.000000
602692.917237 2490475.533401 0.000000
602687.930489 2490476.182407 0.000000
602682.943742 2490476.831413 0.000000
602677.956994 2490477.480420 0.000000
602672.970247 2490478.129426 0.000000
602667.983499 2490478.778432 0.000000
602662.996752 2490479.427439 0.000000
602658.010004 2490480.076445 0.000000
602653.023257 2490480.725451 0.000000
602648.056598 2490481.467118 0.000000
602643.089938 2490482.208784 0.000000
602638.123279 2490482.950450 0.000000
602633.156620 2490483.692117 0.000000
602628.189961 2490484.433783 0.000000
602623.223302 2490485.175449 0.000000
602618.256642 2490485.917115 0.000000
602613.289983 2490486.658782 0.000000
602608.323324 2490487.400448 0.000000
602603.356665 2490488.142114 0.000000
602598.390006 2490488.883780 0.000000
602593.423346 2490489.625447 0.000000
602588.456687 2490490.367113 0.000000
602583.490028 2490491.108779 0.000000
602578.523369 2490491.850445 0.000000
602573.556710 2490492.592112 0.000000
602568.590050 2490493.333778 0.000000
602563.623391 2490494.075444 0.000000
602558.656732 2490494.817110 0.000000
602553.690073 2490495.558777 0.000000
602548.723414 2490496.300443 0.000000
602543.756754 2490497.042109 0.000000
602538.790095 2490497.783776 0.000000
602533.823436 2490498.525442 0.000000
602528.856777 2490499.267108 0.000000
602523.890118 2490500.008774 0.000000
602518.923458 2490500.750441 0.000000
602513.956799 2490501.492107 0.000000
602508.990140 2490502.233773 0.000000
602504.023481 2490502.975439 0.000000
602499.056822 2490503.717106 0.000000
602494.090162 2490504.458772 0.000000
602489.123503 2490505.200438 0.000000
602484.156844 2490505.942104 0.000000
602479.190185 2490506.683771 0.000000
602474.223526 2490507.425437 0.000000
602469.256866 2490508.167103 0.000000
602464.290207 2490508.908769 0.000000
602459.323548 2490509.650436 0.000000
602454.356889 2490510.392102 0.000000
602449.390230 2490511.133768 0.000000
602444.423570 2490511.875435 0.000000
602439.456911 2490512.617101 0.000000
602434.490252 2490513.358767 0.000000
602429.523593 2490514.100433 0.000000
602424.556934 2490514.842100 0.000000
602419.590274 2490515.583766 0.000000
602414.623615 2490516.325432 0.000000
602409.656956 2490517.067098 0.000000
602404.690297 2490517.808765 0.000000
602399.723638 2490518.550431 0.000000
602394.756978 2490519.292097 0.000000
602389.790319 2490520.033763 0.000000
602384.823660 2490520.775430 0.000000
602379.857001 2490521.517096 0.000000
602374.890342 2490522.258762 0.000000
602369.923682 2490523.000428 0.000000
602364.957023 2490523.742095 0.000000
602359.990364 2490524.483761 0.000000
602355.023705 2490525.225427 0.000000
602350.057046 2490525.967094 0.000000
602345.090386 2490526.708760 0.000000
602340.123727 2490527.450426 0.000000
602335.157068 2490528.192092 0.000000
602330.190409 2490528.933759 0.000000
602325.223750 2490529.675425 0.000000
602320.257090 2490530.417091 0.000000
602315.290431 2490531.158757 0.000000
602310.323772 2490531.900424 0.000000
602305.357113 2490532.642090 0.000000
602300.390454 2490533.383756 0.000000
602295.423794 2490534.125422 0.000000
602290.457135 2490534.867089 0.000000
602285.490476 2490535.608755 0.000000
602280.523817 2490536.350421 0.000000
602275.557158 2490537.092087 0.000000
602270.590498 2490537.833754 0.000000
602265.623839 2490538.575420 0.000000
602260.657180 2490539.317086 0.000000
602255.690521 2490540.058753 0.000000
602250.723862 2490540.800419 0.000000
602245.757202 2490541.542085 0.000000
602240.790543 2490542.283751 0.000000
602235.823884 2490543.025418 0.000000
602230.857225 2490543.767084 0.000000
602225.890566 2490544.508750 0.000000
602220.923906 2490545.250416 0.000000
602215.957247 2490545.992083 0.000000
602210.990588 2490546.733749 0.000000
602206.023929 2490547.475415 0.000000
602201.057270 2490548.217081 0.000000
602196.090610 2490548.958748 0.000000
602191.123951 2490549.700414 0.000000
602186.157292 2490550.442080 0.000000
602181.190633 2490551.183746 0.000000
602176.223974 2490551.925413 0.000000
602171.257314 2490552.667079 0.000000
602166.290655 2490553.408745 0.000000
602161.323996 2490554.150412 0.000000
602156.357337 2490554.892078 0.000000
602151.390678 2490555.633744 0.000000
602146.424018 2490556.375410 0.000000
602141.457359 2490557.117077 0.000000
602136.490700 2490557.858743 0.000000
602131.524041 2490558.600409 0.000000
602126.557382 2490559.342075 0.000000
602121.590722 2490560.083742 0.000000
602116.624063 2490560.825408 0.000000
602111.657404 2490561.567074 0.000000
602106.690745 2490562.308740 0.000000
602101.724086 2490563.050407 0.000000
602096.757426 2490563.792073 0.000000
602091.790767 2490564.533739 0.000000
602086.824108 2490565.275405 0.000000
602081.857449 2490566.017072 0.000000
602076.890790 2490566.758738 0.000000
602071.924130 2490567.500404 0.000000
602066.957471 2490568.242071 0.000000
602061.990812 2490568.983737 0.000000
602057.024153 2490569.725403 0.000000
602052.099537 2490570.720377 0.000000
602047.174922 2490571.715351 0.000000
602042.250306 2490572.710325 0.000000
602037.325690 2490573.705299 0.000000
602032.401074 2490574.700273 0.000000
602027.476459 2490575.695248 0.000000
602022.551843 2490576.690222 0.000000
602017.627227 2490577.685196 0.000000
602012.702612 2490578.680170 0.000000
602007.777996 2490579.675144 0.000000
602002.853380 2490580.670118 0.000000
601997.928765 2490581.665092 0.000000
601993.004149 2490582.660066 0.000000
601988.079533 2490583.655040 0.000000
601983.154918 2490584.650014 0.000000
601978.230302 2490585.644988 0.000000
601973.305686 2490586.639962 0.000000
601968.381071 2490587.634937 0.000000
601963.456455 2490588.629911 0.000000
601958.531839 2490589.624885 0.000000
601953.607224 2490590.619859 0.000000
601948.682608 2490591.614833 0.000000
601943.757992 2490592.609807 0.000000
601938.833377 2490593.604781 0.000000
601933.908761 2490594.599755 0.000000
601928.984145 2490595.594729 0.000000
601924.059530 2490596.589703 0.000000
601919.134914 2490597.584677 0.000000
601914.210298 2490598.579651 0.000000
601909.285683 2490599.574626 0.000000
601904.361067 2490600.569600 0.000000
601899.436451 2490601.564574 0.000000
601894.511836 2490602.559548 0.000000
601889.587220 2490603.554522 0.000000
601884.662604 2490604.549496 0.000000
601879.737989 2490605.544470 0.000000
601874.813373 2490606.539444 0.000000
601869.888757 2490607.534418 0.000000
601864.964141 2490608.529392 0.000000
601860.039526 2490609.524366 0.000000
601855.114910 2490610.519340 0.000000
601850.190294 2490611.514315 0.000000
601845.265679 2490612.509289 0.000000
601840.341063 2490613.504263 0.000000
601835.416447 2490614.499237 0.000000
601830.491832 2490615.494211 0.000000
601825.567216 2490616.489185 0.000000
601820.642600 2490617.484159 0.000000
601815.717985 2490618.479133 0.000000
601810.793369 2490619.474107 0.000000
601805.868753 2490620.469081 0.000000
601800.944138 2490621.464055 0.000000
601796.019522 2490622.459029 0.000000
601791.094906 2490623.454003 0.000000
601786.170291 2490624.448978 0.000000
601781.245675 2490625.443952 0.000000
601776.321059 2490626.438926 0.000000
601771.396444 2490627.433900 0.000000
601766.471828 2490628.428874 0.000000
601761.547212 2490629.423848 0.000000
601756.622597 2490630.418822 0.000000
601751.697981 2490631.413796 0.000000
601746.773365 2490632.408770 0.000000
601741.848750 2490633.403744 0.000000
601736.924134 2490634.398718 0.000000
601731.999518 2490635.393692 0.000000
601727.074903 2490636.388667 0.000000
601722.150287 2490637.383641 0.000000
601717.225671 2490638.378615 0.000000
601712.301056 2490639.373589 0.000000
601707.376440 2490640.368563 0.000000
601702.451824 2490641.363537 0.000000
601697.527209 2490642.358511 0.000000
601692.602593 2490643.353485 0.000000
601687.677977 2490644.348459 0.000000
601682.753361 2490645.343433 0.000000
601677.828746 2490646.338407 0.000000
601672.904130 2490647.333381 0.000000
601667.979514 2490648.328356 0.000000
601663.054899 2490649.323330 0.000000
601658.130283 2490650.318304 0.000000
601653.205667 2490651.313278 0.000000
601648.281052 2490652.308252 0.000000
601643.356436 2490653.303226 0.000000
601638.431820 2490654.298200 0.000000
601633.507205 2490655.293174 0.000000
601628.582589 2490656.288148 0.000000
601623.657973 2490657.283122 0.000000
601618.733358 2490658.278096 0.000000
601613.808742 2490659.273070 0.000000
601608.884126 2490660.268045 0.000000
601603.959511 2490661.263019 0.000000
601599.034895 2490662.257993 0.000000
601594.110279 2490663.252967 0.000000
601589.185664 2490664.247941 0.000000
601584.261048 2490665.242915 0.000000
601579.336432 2490666.237889 0.000000
601574.411817 2490667.232863 0.000000
601569.487201 2490668.227837 0.000000
601564.562585 2490669.222811 0.000000
601559.637970 2490670.217785 0.000000
601554.713354 2490671.212759 0.000000
601549.788738 2490672.207733 0.000000
601544.864123 2490673.202708 0.000000
601539.939507 2490674.197682 0.000000
601535.014891 2490675.192656 0.000000
601530.090276 2490676.187630 0.000000
601525.165660 2490677.182604 0.000000
601520.241044 2490678.177578 0.000000
601515.316428 2490679.172552 0.000000
601510.391813 2490680.167526 0.000000
601505.467197 2490681.162500 0.000000
601500.542581 2490682.157474 0.000000
601495.617966 2490683.152448 0.000000
601490.693350 2490684.147422 0.000000
601485.768734 2490685.142397 0.000000
601480.844119 2490686.137371 0.000000
601475.919503 2490687.132345 0.000000
601470.994887 2490688.127319 0.000000
601466.070272 2490689.122293 0.000000
601461.145656 2490690.117267 0.000000
601456.221040 2490691.112241 0.000000
601451.296425 2490692.107215 0.000000
601446.371809 2490693.102189 0.000000
601441.447193 2490694.097163 0.000000
601436.522578 2490695.092137 0.000000
601431.597962 2490696.087111 0.000000
601426.673346 2490697.082086 0.000000
601421.748731 2490698.077060 0.000000
601416.824115 2490699.072034 0.000000
601411.899499 2490700.067008 0.000000
601406.974884 2490701.061982 0.000000
601402.050268 2490702.056956 0.000000
601397.125652 2490703.051930 0.000000
601392.201037 2490704.046904 0.000000
601387.276421 2490705.041878 0.000000
601382.351805 2490706.036852 0.000000
601377.427190 2490707.031826 0.000000
601372.502574 2490708.026800 0.000000
601367.577958 2490709.021775 0.000000
601362.653343 2490710.016749 0.000000
601357.728727 2490711.011723 0.000000
601352.804111 2490712.006697 0.000000
601347.879496 2490713.001671 0.000000
601342.954880 2490713.996645 0.000000
601338.030264 2490714.991619 0.000000
601333.105648 2490715.986593 0.000000
601328.181033 2490716.981567 0.000000
601323.256417 2490717.976541 0.000000
601318.331801 2490718.971515 0.000000
601313.407186 2490719.966489 0.000000
601308.482570 2490720.961464 0.000000
601303.557954 2490721.956438 0.000000
601298.633339 2490722.951412 0.000000
601293.708723 2490723.946386 0.000000
601288.784107 2490724.941360 0.000000
601283.859492 2490725.936334 0.000000
601278.934876 2490726.931308 0.000000
601274.010260 2490727.926282 0.000000
601269.085645 2490728.921256 0.000000
601264.161029 2490729.916230 0.000000
601259.236413 2490730.911204 0.000000
601254.311798 2490731.906178 0.000000
601249.387182 2490732.901152 0.000000
601244.462566 2490733.896127 0.000000
601239.537951 2490734.891101 0.000000
601234.613335 2490735.886075 0.000000
601229.688719 2490736.881049 0.000000
601224.764104 2490737.876023 0.000000
601219.839488 2490738.870997 0.000000
601214.914872 2490739.865971 0.000000
601209.990257 2490740.860945 0.000000
601205.065641 2490741.855919 0.000000
601200.141025 2490742.850893 0.000000
601195.216410 2490743.845867 0.000000
601190.291794 2490744.840841 0.000000
601185.367178 2490745.835816 0.000000
601180.442563 2490746.830790 0.000000
601175.517947 2490747.825764 0.000000
601170.593331 2490748.820738 0.000000
601165.668715 2490749.815712 0.000000
601160.744100 2490750.810686 0.000000
601155.819484 2490751.805660 0.000000
601150.894868 2490752.800634 0.000000
601145.970253 2490753.795608 0.000000
601141.045637 2490754.790582 0.000000
601136.121021 2490755.785556 0.000000
601131.196406 2490756.780530 0.000000
601126.271790 2490757.775505 0.000000
601121.347174 2490758.770479 0.000000
601116.422559 2490759.765453 0.000000
601111.497943 2490760.760427 0.000000
601106.573327 2490761.755401 0.000000
601101.648712 2490762.750375 0.000000
601096.724096 2490763.745349 0.000000
601091.799480 2490764.740323 0.000000
601086.874865 2490765.735297 0.000000
601081.950249 2490766.730271 0.000000
601077.025633 2490767.725245 0.000000
601072.059654 2490768.466742 0.000000
601067.093675 2490769.208238 0.000000
601062.127697 2490769.949734 0.000000
601057.161718 2490770.691230 0.000000
601052.195739 2490771.432726 0.000000
601047.229760 2490772.174222 0.000000
601042.263781 2490772.915719 0.000000
601037.297802 2490773.657215 0.000000
601032.331823 2490774.398711 0.000000
601027.365844 2490775.140207 0.000000
601022.399865 2490775.881703 0.000000
601017.433886 2490776.623200 0.000000
601012.467907 2490777.364696 0.000000
601007.501928 2490778.106192 0.000000
601002.535949 2490778.847688 0.000000
600997.569970 2490779.589184 0.000000
600992.603991 2490780.330680 0.000000
600987.638013 2490781.072177 0.000000
600982.672034 2490781.813673 0.000000
600977.706055 2490782.555169 0.000000
600972.740076 2490783.296665 0.000000
600967.774097 2490784.038161 0.000000
600962.808118 2490784.779658 0.000000
600957.842139 2490785.521154 0.000000
600952.876160 2490786.262650 0.000000
600947.910181 2490787.004146 0.000000
600942.944202 2490787.745642 0.000000
600937.978223 2490788.487139 0.000000
600933.012244 2490789.228635 0.000000
600928.046265 2490789.970131 0.000000
600923.080286 2490790.711627 0.000000
600918.114308 2490791.453123 0.000000
600913.148329 2490792.194619 0.000000
600908.182350 2490792.936116 0.000000
600903.216371 2490793.677612 0.000000
600898.250392 2490794.419108 0.000000
600893.284413 2490795.160604 0.000000
600888.318434 2490795.902100 0.000000
600883.352455 2490796.643597 0.000000
600878.386476 2490797.385093 0.000000
600873.420497 2490798.126589 0.000000
600868.454518 2490798.868085 0.000000
600863.488539 2490799.609581 0.000000
600858.522560 2490800.351077 0.000000
600853.556581 2490801.092574 0.000000
600848.590603 2490801.834070 0.000000
600843.624624 2490802.575566 0.000000
600838.658645 2490803.317062 0.000000
600833.692666 2490804.058558 0.000000
600828.726687 2490804.800055 0.000000
600823.760708 2490805.541551 0.000000
600818.794729 2490806.283047 0.000000
600813.828750 2490807.024543 0.000000
600808.862771 2490807.766039 0.000000
600803.896792 2490808.507535 0.000000
600798.930813 2490809.249032 0.000000
600793.964834 2490809.990528 0.000000
600788.998855 2490810.732024 0.000000
600784.032876 2490811.473520 0.000000
600779.066897 2490812.215016 0.000000
600774.100919 2490812.956513 0.000000
600769.134940 2490813.698009 0.000000
600764.168961 2490814.439505 0.000000
600759.202982 2490815.181001 0.000000
600754.237003 2490815.922497 0.000000
600749.271024 2490816.663993 0.000000
600744.305045 2490817.405490 0.000000
600739.339066 2490818.146986 0.000000
600734.373087 2490818.888482 0.000000
600729.407108 2490819.629978 0.000000
600724.441129 2490820.371474 0.000000
600719.475150 2490821.112971 0.000000
600714.509171 2490821.854467 0.000000
600709.543192 2490822.595963 0.000000
600704.577214 2490823.337459 0.000000
600699.611235 2490824.078955 0.000000
600694.645256 2490824.820452 0.000000
600689.679277 2490825.561948 0.000000
600684.713298 2490826.303444 0.000000
600679.747319 2490827.044940 0.000000
600674.781340 2490827.786436 0.000000
600669.815361 2490828.527932 0.000000
600664.849382 2490829.269429 0.000000
600659.883403 2490830.010925 0.000000
600654.917424 2490830.752421 0.000000
600649.951445 2490831.493917 0.000000
600644.985466 2490832.235413 0.000000
600640.019487 2490832.976910 0.000000
600635.053508 2490833.718406 0.000000
600630.087530 2490834.459902 0.000000
600625.121551 2490835.201398 0.000000
600620.155572 2490835.942894 0.000000
600615.189593 2490836.684390 0.000000
600610.223614 2490837.425887 0.000000
600605.257635 2490838.167383 0.000000
600600.291656 2490838.908879 0.000000
600595.325677 2490839.650375 0.000000
600590.359698 2490840.391871 0.000000
600585.393719 2490841.133368 0.000000
600580.427740 2490841.874864 0.000000
600575.461761 2490842.616360 0.000000
600570.495782 2490843.357856 0.000000
600565.529803 2490844.099352 0.000000
600560.563825 2490844.840848 0.000000
600555.597846 2490845.582345 0.000000
600550.631867 2490846.323841 0.000000
600545.665888 2490847.065337 0.000000
600540.699909 2490847.806833 0.000000
600535.733930 2490848.548329 0.000000
600530.767951 2490849.289826 0.000000
600525.801972 2490850.031322 0.000000
600520.835993 2490850.772818 0.000000
600515.870014 2490851.514314 0.000000
600510.904035 2490852.255810 0.000000
600505.938056 2490852.997307 0.000000
600500.972077 2490853.738803 0.000000
600496.006098 2490854.480299 0.000000
600491.040119 2490855.221795 0.000000
600486.074141 2490855.963291 0.000000
600481.108162 2490856.704787 0.000000
600476.142183 2490857.446284 0.000000
600471.176204 2490858.187780 0.000000
600466.210225 2490858.929276 0.000000
600461.244246 2490859.670772 0.000000
600456.278267 2490860.412268 0.000000
600451.312288 2490861.153765 0.000000
600446.346309 2490861.895261 0.000000
600441.380330 2490862.636757 0.000000
600436.414351 2490863.378253 0.000000
600431.448372 2490864.119749 0.000000
600426.482393 2490864.861245 0.000000
600421.516414 2490865.602742 0.000000
600416.550436 2490866.344238 0.000000
600411.584457 2490867.085734 0.000000
600406.618478 2490867.827230 0.000000
600401.652499 2490868.568726 0.000000
600396.686520 2490869.310223 0.000000
600391.720541 2490870.051719 0.000000
600386.754562 2490870.793215 0.000000
600381.788583 2490871.534711 0.000000
600376.822604 2490872.276207 0.000000
600371.856625 2490873.017703 0.000000
600366.890646 2490873.759200 0.000000
600361.924667 2490874.500696 0.000000
600356.958688 2490875.242192 0.000000
600351.992709 2490875.983688 0.000000
600347.026730 2490876.725184 0.000000
