FFASCI 0 1 "LINES" 0 1e+10
FFATTR 0 1
->1
610973.010972 2490773.723786 0.000000
610972.466725 2490768.732643 0.000000
610971.922477 2490763.741500 0.000000
610971.378229 2490758.750358 0.000000
610970.833981 2490753.759215 0.000000
610970.289734 2490748.768072 0.000000
610969.745486 2490743.776929 0.000000
610969.201238 2490738.785786 0.000000
610968.656990 2490733.794643 0.000000
610968.112743 2490728.803500 0.000000
610967.568495 2490723.812357 0.000000
610967.024247 2490718.821214 0.000000
610966.479999 2490713.830071 0.000000
610965.935752 2490708.838928 0.000000
610965.391504 2490703.847785 0.000000
610964.847256 2490698.856643 0.000000
610964.303008 2490693.865500 0.000000
610963.758761 2490688.874357 0.000000
610963.214513 2490683.883214 0.000000
610962.670265 2490678.892071 0.000000
610962.126017 2490673.900928 0.000000
610961.581770 2490668.909785 0.000000
610961.037522 2490663.918642 0.000000
610960.493274 2490658.927499 0.000000
610959.949026 2490653.936356 0.000000
610959.404779 2490648.945213 0.000000
610958.860531 2490643.954070 0.000000
610958.316283 2490638.962928 0.000000
610957.772035 2490633.971785 0.000000
610957.227788 2490628.980642 0.000000
610956.683540 2490623.989499 0.000000
610956.139292 2490618.998356 0.000000
610955.595044 2490614.007213 0.000000
610955.050797 2490609.016070 0.000000
610954.506549 2490604.024927 0.000000
610953.962301 2490599.033784 0.000000
610953.418053 2490594.042641 0.000000
610952.873806 2490589.051498 0.000000
610952.329558 2490584.060355 0.000000
610951.785310 2490579.069213 0.000000
610951.241062 2490574.078070 0.000000
610950.696815 2490569.086927 0.000000
610950.152567 2490564.095784 0.000000
610949.608319 2490559.104641 0.000000
610949.064072 2490554.113498 0.000000
610948.519824 2490549.122355 0.000000
610947.975576 2490544.131212 0.000000
610947.431328 2490539.140069 0.000000
610946.887081 2490534.148926 0.000000
610946.342833 2490529.157783 0.000000
610945.798585 2490524.166640 0.000000
610945.254337 2490519.175498 0.000000
610944.710090 2490514.184355 0.000000
610944.165842 2490509.193212 0.000000
610943.621594 2490504.202069 0.000000
610943.077346 2490499.210926 0.000000
610942.533099 2490494.219783 0.000000
610941.988851 2490489.228640 0.000000
610941.444603 2490484.237497 0.000000
610940.900355 2490479.246354 0.000000
610940.356108 2490474.255211 0.000000
610939.811860 2490469.264068 0.000000
610939.267612 2490464.272925 0.000000
610938.723364 2490459.281782 0.000000
610938.179117 2490454.290640 0.000000
610937.634869 2490449.299497 0.000000
610937.090621 2490444.308354 0.000000
610936.546373 2490439.317211 0.000000
610936.002126 2490434.326068 0.000000
610935.457878 2490429.334925 0.000000
610934.913630 2490424.343782 0.000000
610934.369382 2490419.352639 0.000000
610933.825135 2490414.361496 0.000000
610933.280887 2490409.370353 0.000000
610932.736639 2490404.379210 0.000000
610932.192391 2490399.388067 0.000000
610931.648144 2490394.396925 0.000000
610931.103896 2490389.405782 0.000000
610930.559648 2490384.414639 0.000000
610930.015400 2490379.423496 0.000000
610929.471153 2490374.432353 0.000000
610928.926905 2490369.441210 0.000000
610928.382657 2490364.450067 0.000000
610927.838409 2490359.458924 0.000000
610927.294162 2490354.467781 0.000000
610926.749914 2490349.476638 0.000000
610926.205666 2490344.485495 0.000000
610925.661418 2490339.494352 0.000000
610925.117171 2490334.503210 0.000000
610924.572923 2490329.512067 0.000000
610924.028675 2490324.520924 0.000000
610923.484427 2490319.529781 0.000000
610922.940180 2490314.538638 0.000000
610922.395932 2490309.547495 0.000000
610921.851684 2490304.556352 0.000000
610921.307436 2490299.565209 0.000000
610920.763189 2490294.574066 0.000000
610920.218941 2490289.582923 0.000000
610919.674693 2490284.591780 0.000000
610919.130445 2490279.600637 0.000000
610918.586198 2490274.609495 0.000000
610918.041950 2490269.618352 0.000000
610917.497702 2490264.627209 0.000000
610916.953454 2490259.636066 0.000000
610916.409207 2490254.644923 0.000000
610915.864959 2490249.653780 0.000000
610915.320711 2490244.662637 0.000000
610914.776463 2490239.671494 0.000000
610914.232216 2490234.680351 0.000000
610913.687968 2490229.689208 0.000000
610913.143720 2490224.698065 0.000000
610912.599472 2490219.706922 0.000000
610912.055225 2490214.715780 0.000000
610911.510977 2490209.724637 0.000000
610910.966729 2490204.733494 0.000000
610910.422481 2490199.742351 0.000000
610909.878234 2490194.751208 0.000000
610909.333986 2490189.760065 0.000000
610908.789738 2490184.768922 0.000000
610908.245490 2490179.777779 0.000000
610907.701243 2490174.786636 0.000000
610907.156995 2490169.795493 0.000000
610906.612747 2490164.804350 0.000000
610906.068499 2490159.813207 0.000000
610905.524252 2490154.822065 0.000000
610904.980004 2490149.830922 0.000000
610904.435756 2490144.839779 0.000000
610903.891508 2490139.848636 0.000000
610903.347261 2490134.857493 0.000000
610902.803013 2490129.866350 0.000000
610902.258765 2490124.875207 0.000000
610901.714517 2490119.884064 0.000000
610901.170270 2490114.892921 0.000000
610900.626022 2490109.901778 0.000000
610900.081774 2490104.910635 0.000000
610899.537526 2490099.919492 0.000000
610898.993279 2490094.928350 0.000000
610898.449031 2490089.937207 0.000000
610897.904783 2490084.946064 0.000000
610897.360535 2490079.954921 0.000000
610896.816288 2490074.963778 0.000000
610896.272040 2490069.972635 0.000000
610895.727792 2490064.981492 0.000000
610895.183545 2490059.990349 0.000000
610894.639297 2490054.999206 0.000000
610894.095049 2490050.008063 0.000000
610893.550801 2490045.016920 0.000000
610893.006554 2490040.025777 0.000000
610892.462306 2490035.034635 0.000000
610891.918058 2490030.043492 0.000000
610891.373810 2490025.052349 0.000000
610890.829563 2490020.061206 0.000000
610890.285315 2490015.070063 0.000000
610889.741067 2490010.078920 0.000000
610889.196819 2490005.087777 0.000000
610888.652572 2490000.096634 0.000000
610888.108324 2489995.105491 0.000000
610887.564076 2489990.114348 0.000000
610887.019828 2489985.123205 0.000000
610886.475581 2489980.132062 0.000000
610885.931333 2489975.140919 0.000000
610885.387085 2489970.149777 0.000000
610884.842837 2489965.158634 0.000000
610884.298590 2489960.167491 0.000000
610883.754342 2489955.176348 0.000000
610883.210094 2489950.185205 0.000000
610882.665846 2489945.194062 0.000000
610882.121599 2489940.202919 0.000000
610881.577351 2489935.211776 0.000000
610881.033103 2489930.220633 0.000000
610880.488855 2489925.229490 0.000000
610879.944608 2489920.238347 0.000000
610879.400360 2489915.247204 0.000000
610878.856112 2489910.256062 0.000000
610878.311864 2489905.264919 0.000000
610877.767617 2489900.273776 0.000000
610877.223369 2489895.282633 0.000000
610876.679121 2489890.291490 0.000000
610876.134873 2489885.300347 0.000000
610875.590626 2489880.309204 0.000000
610875.046378 2489875.318061 0.000000
610874.502130 2489870.326918 0.000000
610873.957882 2489865.335775 0.000000
610873.413635 2489860.344632 0.000000
610872.869387 2489855.353489 0.000000
610872.325139 2489850.362347 0.000000
610871.780891 2489845.371204 0.000000
610871.236644 2489840.380061 0.000000
610870.692396 2489835.388918 0.000000
610870.148148 2489830.397775 0.000000
610869.603900 2489825.406632 0.000000
610869.059653 2489820.415489 0.000000
610868.515405 2489815.424346 0.000000
610867.971157 2489810.433203 0.000000
610867.426909 2489805.442060 0.000000
610866.882662 2489800.450917 0.000000
610866.338414 2489795.459774 0.000000
610865.794166 2489790.468632 0.000000
610865.249918 2489785.477489 0.000000
610864.705671 2489780.486346 0.000000
610864.161423 2489775.495203 0.000000
610863.617175 2489770.504060 0.000000
610863.072927 2489765.512917 0.000000
610862.528680 2489760.521774 0.000000
610861.984432 2489755.530631 0.000000
610861.440184 2489750.539488 0.000000
610860.895936 2489745.548345 0.000000
610860.351689 2489740.557202 0.000000
610859.807441 2489735.566059 0.000000
610859.263193 2489730.574917 0.000000
610858.718945 2489725.583774 0.000000
610858.174698 2489720.592631 0.000000
610857.630450 2489715.601488 0.000000
610857.086202 2489710.610345 0.000000
610856.541954 2489705.619202 0.000000
610855.997707 2489700.628059 0.000000
610855.453459 2489695.636916 0.000000
610854.909211 2489690.645773 0.000000
610854.364963 2489685.654630 0.000000
610853.820716 2489680.663487 0.000000
610853.276468 2489675.672344 0.000000
610852.732220 2489670.681202 0.000000
610852.187972 2489665.690059 0.000000
610851.643725 2489660.698916 0.000000
610851.099477 2489655.707773 0.000000
610850.555229 2489650.716630 0.000000
610850.010981 2489645.725487 0.000000
610849.579163 2489640.725494 0.000000
610849.147345 2489635.725502 0.000000
610848.715527 2489630.725510 0.000000
610848.283708 2489625.725517 0.000000
610847.851890 2489620.725525 0.000000
610847.420072 2489615.725532 0.000000
610846.988253 2489610.725540 0.000000
610846.556435 2489605.725547 0.000000
610846.124617 2489600.725555 0.000000
610845.692798 2489595.725562 0.000000
610845.260980 2489590.725570 0.000000
610844.829162 2489585.725577 0.000000
610844.397343 2489580.725585 0.000000
610843.965525 2489575.725592 0.000000
610843.533707 2489570.725600 0.000000
610843.101889 2489565.725607 0.000000
610842.670070 2489560.725615 0.000000
610842.238252 2489555.725622 0.000000
610841.806434 2489550.725630 0.000000
610841.374615 2489545.725637 0.000000
610840.942797 2489540.725645 0.000000
610840.510979 2489535.725652 0.000000
610840.079160 2489530.725660 0.000000
610839.647342 2489525.725668 0.000000
610839.215524 2489520.725675 0.000000
610838.783705 2489515.725683 0.000000
610838.351887 2489510.725690 0.000000
610837.920069 2489505.725698 0.000000
610837.488251 2489500.725705 0.000000
610837.056432 2489495.725713 0.000000
610836.624614 2489490.725720 0.000000
610836.192796 2489485.725728 0.000000
610835.760977 2489480.725735 0.000000
610835.329159 2489475.725743 0.000000
610834.897341 2489470.725750 0.000000
610834.465522 2489465.725758 0.000000
610834.033704 2489460.725765 0.000000
610833.601886 2489455.725773 0.000000
610833.170067 2489450.725780 0.000000
610832.738249 2489445.725788 0.000000
610832.306431 2489440.725795 0.000000
610831.874612 2489435.725803 0.000000
610831.442794 2489430.725811 0.000000
610831.010976 2489425.725818 0.000000
610830.481823 2489420.753328 0.000000
610829.952670 2489415.780839 0.000000
610829.423517 2489410.808349 0.000000
610828.894364 2489405.835859 0.000000
610828.365211 2489400.863369 0.000000
610827.836059 2489395.890880 0.000000
610827.306906 2489390.918390 0.000000
610826.777753 2489385.945900 0.000000
610826.248600 2489380.973410 0.000000
610825.719447 2489376.000921 0.000000
610825.190294 2489371.028431 0.000000
610824.661141 2489366.055941 0.000000
610824.131988 2489361.083452 0.000000
610823.602835 2489356.110962 0.000000
610823.073682 2489351.138472 0.000000
610822.544530 2489346.165982 0.000000
610822.015377 2489341.193493 0.000000
610821.486224 2489336.221003 0.000000
610820.957071 2489331.248513 0.000000
610820.427918 2489326.276023 0.000000
610819.898765 2489321.303534 0.000000
610819.369612 2489316.331044 0.000000
610818.840459 2489311.358554 0.000000
610818.311306 2489306.386064 0.000000
610817.782154 2489301.413575 0.000000
610817.253001 2489296.441085 0.000000
610816.723848 2489291.468595 0.000000
610816.194695 2489286.496106 0.000000
610815.665542 2489281.523616 0.000000
610815.136389 2489276.551126 0.000000
610814.607236 2489271.578636 0.000000
610814.078083 2489266.606147 0.000000
610813.548930 2489261.633657 0.000000
610813.019778 2489256.661167 0.000000
610812.490625 2489251.688677 0.000000
610811.961472 2489246.716188 0.000000
610811.432319 2489241.743698 0.000000
610810.903166 2489236.771208 0.000000
610810.374013 2489231.798718 0.000000
610809.844860 2489226.826229 0.000000
610809.315707 2489221.853739 0.000000
610808.786554 2489216.881249 0.000000
610808.257402 2489211.908760 0.000000
610807.728249 2489206.936270 0.000000
610807.199096 2489201.963780 0.000000
610806.669943 2489196.991290 0.000000
610806.140790 2489192.018801 0.000000
610805.611637 2489187.046311 0.000000
610805.082484 2489182.073821 0.000000
610804.553331 2489177.101331 0.000000
610804.024178 2489172.128842 0.000000
610803.495025 2489167.156352 0.000000
610802.965873 2489162.183862 0.000000
610802.436720 2489157.211372 0.000000
610801.907567 2489152.238883 0.000000
610801.378414 2489147.266393 0.000000
610800.849261 2489142.293903 0.000000
610800.320108 2489137.321414 0.000000
610799.790955 2489132.348924 0.000000
610799.261802 2489127.376434 0.000000
610798.732649 2489122.403944 0.000000
610798.203497 2489117.431455 0.000000
610797.674344 2489112.458965 0.000000
610797.145191 2489107.486475 0.000000
610796.616038 2489102.513985 0.000000
610796.086885 2489097.541496 0.000000
610795.557732 2489092.569006 0.000000
610795.028579 2489087.596516 0.000000
610794.499426 2489082.624026 0.000000
610793.970273 2489077.651537 0.000000
610793.441121 2489072.679047 0.000000
610792.911968 2489067.706557 0.000000
610792.382815 2489062.734067 0.000000
610791.853662 2489057.761578 0.000000
610791.324509 2489052.789088 0.000000
610790.795356 2489047.816598 0.000000
610790.266203 2489042.844109 0.000000
610789.737050 2489037.871619 0.000000
610789.207897 2489032.899129 0.000000
610788.678744 2489027.926639 0.000000
610788.149592 2489022.954150 0.000000
610787.620439 2489017.981660 0.000000
610787.091286 2489013.009170 0.000000
610786.562133 2489008.036680 0.000000
610786.032980 2489003.064191 0.000000
610785.503827 2488998.091701 0.000000
610784.974674 2488993.119211 0.000000
610784.445521 2488988.146721 0.000000
610783.916368 2488983.174232 0.000000
610783.387216 2488978.201742 0.000000
610782.858063 2488973.229252 0.000000
610782.328910 2488968.256763 0.000000
610781.799757 2488963.284273 0.000000
610781.270604 2488958.311783 0.000000
610780.741451 2488953.339293 0.000000
610780.212298 2488948.366804 0.000000
610779.683145 2488943.394314 0.000000
610779.153992 2488938.421824 0.000000
610778.624840 2488933.449334 0.000000
610778.095687 2488928.476845 0.000000
610777.566534 2488923.504355 0.000000
610777.037381 2488918.531865 0.000000
610776.508228 2488913.559375 0.000000
610775.979075 2488908.586886 0.000000
610775.449922 2488903.614396 0.000000
610774.920769 2488898.641906 0.000000
610774.391616 2488893.669417 0.000000
610773.862464 2488888.696927 0.000000
610773.333311 2488883.724437 0.000000
610772.804158 2488878.751947 0.000000
610772.275005 2488873.779458 0.000000
610771.745852 2488868.806968 0.000000
610771.216699 2488863.834478 0.000000
610770.687546 2488858.861988 0.000000
610770.158393 2488853.889499 0.000000
610769.629240 2488848.917009 0.000000
610769.100087 2488843.944519 0.000000
610768.570935 2488838.972029 0.000000
610768.041782 2488833.999540 0.000000
610767.512629 2488829.027050 0.000000
610766.983476 2488824.054560 0.000000
610766.454323 2488819.082071 0.000000
610765.925170 2488814.109581 0.000000
610765.396017 2488809.137091 0.000000
610764.866864 2488804.164601 0.000000
610764.337711 2488799.192112 0.000000
610763.808559 2488794.219622 0.000000
610763.279406 2488789.247132 0.000000
610762.750253 2488784.274642 0.000000
610762.221100 2488779.302153 0.000000
610761.691947 2488774.329663 0.000000
610761.162794 2488769.357173 0.000000
610760.633641 2488764.384683 0.000000
610760.104488 2488759.412194 0.000000
610759.575335 2488754.439704 0.000000
610759.046183 2488749.467214 0.000000
610758.517030 2488744.494725 0.000000
610757.987877 2488739.522235 0.000000
610757.458724 2488734.549745 0.000000
610756.929571 2488729.577255 0.000000
610756.400418 2488724.604766 0.000000
610755.871265 2488719.632276 0.000000
610755.342112 2488714.659786 0.000000
610754.812959 2488709.687296 0.000000
610754.283807 2488704.714807 0.000000
610753.754654 2488699.742317 0.000000
610753.225501 2488694.769827 0.000000
610752.696348 2488689.797337 0.000000
610752.167195 2488684.824848 0.000000
610751.638042 2488679.852358 0.000000
610751.108889 2488674.879868 0.000000
610750.579736 2488669.907379 0.000000
610750.050583 2488664.934889 0.000000
610749.521430 2488659.962399 0.000000
610748.992278 2488654.989909 0.000000
610748.463125 2488650.017420 0.000000
610747.933972 2488645.044930 0.000000
610747.404819 2488640.072440 0.000000
610746.875666 2488635.099950 0.000000
610746.346513 2488630.127461 0.000000
610745.817360 2488625.154971 0.000000
610745.288207 2488620.182481 0.000000
610744.759054 2488615.209991 0.000000
610744.229902 2488610.237502 0.000000
610743.700749 2488605.265012 0.000000
610743.171596 2488600.292522 0.000000
610742.642443 2488595.320033 0.000000
610742.113290 2488590.347543 0.000000
610741.584137 2488585.375053 0.000000
610741.054984 2488580.402563 0.000000
610740.525831 2488575.430074 0.000000
610739.996678 2488570.457584 0.000000
610739.467526 2488565.485094 0.000000
610738.938373 2488560.512604 0.000000
610738.409220 2488555.540115 0.000000
610737.880067 2488550.567625 0.000000
610737.350914 2488545.595135 0.000000
610736.821761 2488540.622645 0.000000
610736.292608 2488535.650156 0.000000
610735.763455 2488530.677666 0.000000
610735.234302 2488525.705176 0.000000
610734.705150 2488520.732687 0.000000
610734.175997 2488515.760197 0.000000
610733.646844 2488510.787707 0.000000
610733.117691 2488505.815217 0.000000
610732.588538 2488500.842728 0.000000
610732.059385 2488495.870238 0.000000
610731.530232 2488490.897748 0.000000
610731.001079 2488485.925258 0.000000
610730.471926 2488480.952769 0.000000
610729.942773 2488475.980279 0.000000
610729.413621 2488471.007789 0.000000
610728.884468 2488466.035299 0.000000
610728.355315 2488461.062810 0.000000
610727.826162 2488456.090320 0.000000
610727.297009 2488451.117830 0.000000
610726.767856 2488446.145341 0.000000
610726.238703 2488441.172851 0.000000
610725.709550 2488436.200361 0.000000
610725.180397 2488431.227871 0.000000
610724.651245 2488426.255382 0.000000
610724.122092 2488421.282892 0.000000
610723.592939 2488416.310402 0.000000
610723.063786 2488411.337912 0.000000
610722.534633 2488406.365423 0.000000
610722.005480 2488401.392933 0.000000
610721.476327 2488396.420443 0.000000
610720.947174 2488391.447953 0.000000
610720.418021 2488386.475464 0.000000
610719.888869 2488381.502974 0.000000
610719.359716 2488376.530484 0.000000
610718.830563 2488371.557995 0.000000
610718.301410 2488366.585505 0.000000
610717.772257 2488361.613015 0.000000
610717.243104 2488356.640525 0.000000
610716.713951 2488351.668036 0.000000
610716.184798 2488346.695546 0.000000
610715.655645 2488341.723056 0.000000
610715.126492 2488336.750566 0.000000
610714.597340 2488331.778077 0.000000
610714.068187 2488326.805587 0.000000
610713.539034 2488321.833097 0.000000
610713.009881 2488316.860607 0.000000
610712.480728 2488311.888118 0.000000
610711.951575 2488306.915628 0.000000
610711.422422 2488301.943138 0.000000
610710.893269 2488296.970649 0.000000
610710.364116 2488291.998159 0.000000
610709.834964 2488287.025669 0.000000
610709.305811 2488282.053179 0.000000
610708.776658 2488277.080690 0.000000
610708.247505 2488272.108200 0.000000
610707.718352 2488267.135710 0.000000
610707.189199 2488262.163220 0.000000
610706.660046 2488257.190731 0.000000
610706.130893 2488252.218241 0.000000
610705.601740 2488247.245751 0.000000
610705.072588 2488242.273261 0.000000
610704.543435 2488237.300772 0.000000
610704.014282 2488232.328282 0.000000
610703.485129 2488227.355792 0.000000
610702.955976 2488222.383303 0.000000
610702.426823 2488217.410813 0.000000
610701.897670 2488212.438323 0.000000
610701.368517 2488207.465833 0.000000
610700.839364 2488202.493344 0.000000
610700.310212 2488197.520854 0.000000
610699.781059 2488192.548364 0.000000
610699.251906 2488187.575874 0.000000
610698.722753 2488182.603385 0.000000
610698.193600 2488177.630895 0.000000
610697.664447 2488172.658405 0.000000
610697.135294 2488167.685915 0.000000
610696.606141 2488162.713426 0.000000
610696.076988 2488157.740936 0.000000
610695.547835 2488152.768446 0.000000
610695.018683 2488147.795956 0.000000
610694.489530 2488142.823467 0.000000
610693.960377 2488137.850977 0.000000
610693.431224 2488132.878487 0.000000
610692.902071 2488127.905998 0.000000
610692.372918 2488122.933508 0.000000
610691.843765 2488117.961018 0.000000
610691.314612 2488112.988528 0.000000
610690.785459 2488108.016039 0.000000
610690.256307 2488103.043549 0.000000
610689.727154 2488098.071059 0.000000
610689.198001 2488093.098569 0.000000
610688.668848 2488088.126080 0.000000
610688.139695 2488083.153590 0.000000
610687.610542 2488078.181100 0.000000
610687.081389 2488073.208610 0.000000
610686.552236 2488068.236121 0.000000
610686.023083 2488063.263631 0.000000
610685.493931 2488058.291141 0.000000
610684.964778 2488053.318652 0.000000
610684.435625 2488048.346162 0.000000
610683.906472 2488043.373672 0.000000
610683.377319 2488038.401182 0.000000
610682.848166 2488033.428693 0.000000
610682.319013 2488028.456203 0.000000
610681.789860 2488023.483713 0.000000
610681.260707 2488018.511223 0.000000
610680.731555 2488013.538734 0.000000
610680.202402 2488008.566244 0.000000
610679.673249 2488003.593754 0.000000
610679.144096 2487998.621264 0.000000
610678.614943 2487993.648775 0.000000
610678.085790 2487988.676285 0.000000
610677.556637 2487983.703795 0.000000
610677.027484 2487978.731306 0.000000
610676.498331 2487973.758816 0.000000
610675.969178 2487968.786326 0.000000
610675.440026 2487963.813836 0.000000
610674.910873 2487958.841347 0.000000
610674.381720 2487953.868857 0.000000
610673.852567 2487948.896367 0.000000
610673.323414 2487943.923877 0.000000
610672.794261 2487938.951388 0.000000
610672.265108 2487933.978898 0.000000
610671.735955 2487929.006408 0.000000
610671.206802 2487924.033918 0.000000
610670.677650 2487919.061429 0.000000
610670.148497 2487914.088939 0.000000
610669.619344 2487909.116449 0.000000
610669.090191 2487904.143960 0.000000
610668.561038 2487899.171470 0.000000
610668.031885 2487894.198980 0.000000
610667.502732 2487889.226490 0.000000
610666.973579 2487884.254001 0.000000
610666.444426 2487879.281511 0.000000
610665.915274 2487874.309021 0.000000
610665.386121 2487869.336531 0.000000
610664.856968 2487864.364042 0.000000
610664.327815 2487859.391552 0.000000
610663.798662 2487854.419062 0.000000
610663.269509 2487849.446572 0.000000
610662.740356 2487844.474083 0.000000
610662.211203 2487839.501593 0.000000
610661.682050 2487834.529103 0.000000
610661.152898 2487829.556614 0.000000
610660.623745 2487824.584124 0.000000
610660.094592 2487819.611634 0.000000
610659.565439 2487814.639144 0.000000
610659.036286 2487809.666655 0.000000
610658.507133 2487804.694165 0.000000
610657.977980 2487799.721675 0.000000
610657.448827 2487794.749185 0.000000
610656.919674 2487789.776696 0.000000
610656.390521 2487784.804206 0.000000
610655.861369 2487779.831716 0.000000
610655.332216 2487774.859226 0.000000
610654.803063 2487769.886737 0.000000
610654.273910 2487764.914247 0.000000
610653.744757 2487759.941757 0.000000
610653.215604 2487754.969268 0.000000
610652.686451 2487749.996778 0.000000
610652.157298 2487745.024288 0.000000
610651.628145 2487740.051798 0.000000
610651.098993 2487735.079309 0.000000
610650.569840 2487730.106819 0.000000
610650.040687 2487725.134329 0.000000
610649.511534 2487720.161839 0.000000
610648.982381 2487715.189350 0.000000
610648.453228 2487710.216860 0.000000
610647.924075 2487705.244370 0.000000
610647.394922 2487700.271880 0.000000
610646.865769 2487695.299391 0.000000
610646.336617 2487690.326901 0.000000
610645.807464 2487685.354411 0.000000
610645.278311 2487680.381922 0.000000
610644.749158 2487675.409432 0.000000
610644.220005 2487670.436942 0.000000
610643.690852 2487665.464452 0.000000
610643.161699 2487660.491963 0.000000
610642.632546 2487655.519473 0.000000
610642.103393 2487650.546983 0.000000
610641.574240 2487645.574493 0.000000
610641.045088 2487640.602004 0.000000
610640.515935 2487635.629514 0.000000
610639.986782 2487630.657024 0.000000
610639.457629 2487625.684534 0.000000
610638.928476 2487620.712045 0.000000
610638.399323 2487615.739555 0.000000
610637.870170 2487610.767065 0.000000
610637.341017 2487605.794576 0.000000
610636.811864 2487600.822086 0.000000
610636.282712 2487595.849596 0.000000
610635.753559 2487590.877106 0.000000
610635.224406 2487585.904617 0.000000
610634.695253 2487580.932127 0.000000
610634.166100 2487575.959637 0.000000
610633.636947 2487570.987147 0.000000
610633.107794 2487566.014658 0.000000
610632.578641 2487561.042168 0.000000
610632.049488 2487556.069678 0.000000
610631.520336 2487551.097188 0.000000
610630.991183 2487546.124699 0.000000
610630.462030 2487541.152209 0.000000
610629.932877 2487536.179719 0.000000
610629.403724 2487531.207230 0.000000
610628.874571 2487526.234740 0.000000
610628.345418 2487521.262250 0.000000
610627.816265 2487516.289760 0.000000
610627.287112 2487511.317271 0.000000
610626.757960 2487506.344781 0.000000
610626.228807 2487501.372291 0.000000
610625.699654 2487496.399801 0.000000
610625.170501 2487491.427312 0.000000
610624.641348 2487486.454822 0.000000
610624.112195 2487481.482332 0.000000
610623.583042 2487476.509842 0.000000
610623.053889 2487471.537353 0.000000
610622.524736 2487466.564863 0.000000
610621.995583 2487461.592373 0.000000
610621.466431 2487456.619884 0.000000
610620.937278 2487451.647394 0.000000
610620.408125 2487446.674904 0.000000
610619.878972 2487441.702414 0.000000
610619.349819 2487436.729925 0.000000
610618.820666 2487431.757435 0.000000
610618.291513 2487426.784945 0.000000
610617.762360 2487421.812455 0.000000
610617.233207 2487416.839966 0.000000
610616.704055 2487411.867476 0.000000
610616.174902 2487406.894986 0.000000
610615.645749 2487401.922496 0.000000
610615.116596 2487396.950007 0.000000
610614.587443 2487391.977517 0.000000
610614.058290 2487387.005027 0.000000
610613.529137 2487382.032538 0.000000
610612.999984 2487377.060048 0.000000
610612.470831 2487372.087558 0.000000
610611.941679 2487367.115068 0.000000
610611.412526 2487362.142579 0.000000
610610.883373 2487357.170089 0.000000
610610.354220 2487352.197599 0.000000
610609.825067 2487347.225109 0.000000
610609.295914 2487342.252620 0.000000
610608.766761 2487337.280130 0.000000
610608.237608 2487332.307640 0.000000
610607.708455 2487327.335150 0.000000
610607.179303 2487322.362661 0.000000
610606.650150 2487317.390171 0.000000
610606.120997 2487312.417681 0.000000
610605.591844 2487307.445192 0.000000
610605.062691 2487302.472702 0.000000
610604.533538 2487297.500212 0.000000
610604.004385 2487292.527722 0.000000
610603.475232 2487287.555233 0.000000
610602.946079 2487282.582743 0.000000
610602.416926 2487277.610253 0.000000
610601.887774 2487272.637763 0.000000
610601.358621 2487267.665274 0.000000
610600.829468 2487262.692784 0.000000
610600.300315 2487257.720294 0.000000
610599.771162 2487252.747804 0.000000
610599.242009 2487247.775315 0.000000
610598.712856 2487242.802825 0.000000
610598.183703 2487237.830335 0.000000
610597.654550 2487232.857846 0.000000
610597.125398 2487227.885356 0.000000
610596.596245 2487222.912866 0.000000
610596.067092 2487217.940376 0.000000
610595.537939 2487212.967887 0.000000
610595.008786 2487207.995397 0.000000
610594.479633 2487203.022907 0.000000
610593.950480 2487198.050417 0.000000
610593.421327 2487193.077928 0.000000
610592.892174 2487188.105438 0.000000
610592.363022 2487183.132948 0.000000
610591.833869 2487178.160458 0.000000
610591.304716 2487173.187969 0.000000
610590.775563 2487168.215479 0.000000
610590.246410 2487163.242989 0.000000
610589.717257 2487158.270499 0.000000
610589.188104 2487153.298010 0.000000
610588.658951 2487148.325520 0.000000
610588.129798 2487143.353030 0.000000
610587.600646 2487138.380541 0.000000
610587.071493 2487133.408051 0.000000
610586.542340 2487128.435561 0.000000
610586.013187 2487123.463071 0.000000
610585.484034 2487118.490582 0.000000
610584.954881 2487113.518092 0.000000
610584.425728 2487108.545602 0.000000
610583.896575 2487103.573112 0.000000
610583.367422 2487098.600623 0.000000
610582.838269 2487093.628133 0.000000
610582.309117 2487088.655643 0.000000
610581.779964 2487083.683153 0.000000
610581.250811 2487078.710664 0.000000
610580.721658 2487073.738174 0.000000
610580.192505 2487068.765684 0.000000
610579.663352 2487063.793195 0.000000
610579.134199 2487058.820705 0.000000
610578.605046 2487053.848215 0.000000
610578.075893 2487048.875725 0.000000
610577.546741 2487043.903236 0.000000
610577.017588 2487038.930746 0.000000
610576.488435 2487033.958256 0.000000
610575.959282 2487028.985766 0.000000
610575.430129 2487024.013277 0.000000
610574.900976 2487019.040787 0.000000
610574.371823 2487014.068297 0.000000
610573.842670 2487009.095807 0.000000
610573.313517 2487004.123318 0.000000
610572.784365 2486999.150828 0.000000
610572.255212 2486994.178338 0.000000
610571.726059 2486989.205849 0.000000
610571.196906 2486984.233359 0.000000
610570.667753 2486979.260869 0.000000
610570.138600 2486974.288379 0.000000
610569.609447 2486969.315890 0.000000
610569.080294 2486964.343400 0.000000
610568.551141 2486959.370910 0.000000
610568.021988 2486954.398420 0.000000
610567.492836 2486949.425931 0.000000
610566.963683 2486944.453441 0.000000
610566.434530 2486939.480951 0.000000
610565.905377 2486934.508461 0.000000
610565.376224 2486929.535972 0.000000
610564.847071 2486924.563482 0.000000
610564.317918 2486919.590992 0.000000
610563.788765 2486914.618503 0.000000
610563.259612 2486909.646013 0.000000
610562.730460 2486904.673523 0.000000
610562.201307 2486899.701033 0.000000
610561.672154 2486894.728544 0.000000
610561.143001 2486889.756054 0.000000
610560.613848 2486884.783564 0.000000
610560.084695 2486879.811074 0.000000
610559.555542 2486874.838585 0.000000
610559.026389 2486869.866095 0.000000
610558.497236 2486864.893605 0.000000
610557.968084 2486859.921115 0.000000
610557.438931 2486854.948626 0.000000
610556.909778 2486849.976136 0.000000
610556.380625 2486845.003646 0.000000
610555.851472 2486840.031157 0.000000
610555.322319 2486835.058667 0.000000
610554.793166 2486830.086177 0.000000
610554.264013 2486825.113687 0.000000
610553.734860 2486820.141198 0.000000
610553.205708 2486815.168708 0.000000
610552.676555 2486810.196218 0.000000
610552.147402 2486805.223728 0.000000
610551.618249 2486800.251239 0.000000
610551.089096 2486795.278749 0.000000
610550.559943 2486790.306259 0.000000
610550.030790 2486785.333769 0.000000
610549.501637 2486780.361280 0.000000
610548.972484 2486775.388790 0.000000
610548.443331 2486770.416300 0.000000
610547.914179 2486765.443811 0.000000
610547.385026 2486760.471321 0.000000
610546.855873 2486755.498831 0.000000
610546.326720 2486750.526341 0.000000
610545.797567 2486745.553852 0.000000
610545.268414 2486740.581362 0.000000
610544.739261 2486735.608872 0.000000
610544.210108 2486730.636382 0.000000
610543.680955 2486725.663893 0.000000
610543.151803 2486720.691403 0.000000
610542.622650 2486715.718913 0.000000
610542.093497 2486710.746423 0.000000
610541.564344 2486705.773934 0.000000
610541.035191 2486700.801444 0.000000
610540.506038 2486695.828954 0.000000
610539.976885 2486690.856465 0.000000
610539.447732 2486685.883975 0.000000
610538.918579 2486680.911485 0.000000
610538.389427 2486675.938995 0.000000
610537.860274 2486670.966506 0.000000
610537.331121 2486665.994016 0.000000
610536.801968 2486661.021526 0.000000
610536.272815 2486656.049036 0.000000
610535.743662 2486651.076547 0.000000
610535.214509 2486646.104057 0.000000
610534.685356 2486641.131567 0.000000
610534.156203 2486636.159077 0.000000
610533.627051 2486631.186588 0.000000
610533.097898 2486626.214098 0.000000
610532.568745 2486621.241608 0.000000
610532.039592 2486616.269119 0.000000
610531.510439 2486611.296629 0.000000
610530.981286 2486606.324139 0.000000
610530.452133 2486601.351649 0.000000
610529.922980 2486596.379160 0.000000
610529.393827 2486591.406670 0.000000
610528.864674 2486586.434180 0.000000
610528.335522 2486581.461690 0.000000
610527.806369 2486576.489201 0.000000
610527.277216 2486571.516711 0.000000
610526.748063 2486566.544221 0.000000
610526.218910 2486561.571731 0.000000
610525.689757 2486556.599242 0.000000
610525.160604 2486551.626752 0.000000
610524.631451 2486546.654262 0.000000
610524.102298 2486541.681773 0.000000
610523.573146 2486536.709283 0.000000
610523.043993 2486531.736793 0.000000
610522.514840 2486526.764303 0.000000
610521.985687 2486521.791814 0.000000
610521.456534 2486516.819324 0.000000
610520.927381 2486511.846834 0.000000
610520.398228 2486506.874344 0.000000
610519.869075 2486501.901855 0.000000
610519.339922 2486496.929365 0.000000
610518.810770 2486491.956875 0.000000
610518.281617 2486486.984385 0.000000
610517.752464 2486482.011896 0.000000
610517.223311 2486477.039406 0.000000
610516.694158 2486472.066916 0.000000
610516.165005 2486467.094427 0.000000
610515.635852 2486462.121937 0.000000
610515.106699 2486457.149447 0.000000
610514.577546 2486452.176957 0.000000
610514.048394 2486447.204468 0.000000
610513.519241 2486442.231978 0.000000
610512.990088 2486437.259488 0.000000
610512.460935 2486432.286998 0.000000
610511.931782 2486427.314509 0.000000
610511.402629 2486422.342019 0.000000
610510.873476 2486417.369529 0.000000
610510.344323 2486412.397039 0.000000
610509.815170 2486407.424550 0.000000
610509.286017 2486402.452060 0.000000
610508.756865 2486397.479570 0.000000
610508.227712 2486392.507081 0.000000
610507.698559 2486387.534591 0.000000
610507.169406 2486382.562101 0.000000
610506.640253 2486377.589611 0.000000
610506.111100 2486372.617122 0.000000
610505.581947 2486367.644632 0.000000
610505.052794 2486362.672142 0.000000
610504.523641 2486357.699652 0.000000
610503.994489 2486352.727163 0.000000
610503.465336 2486347.754673 0.000000
610502.936183 2486342.782183 0.000000
610502.407030 2486337.809693 0.000000
610501.877877 2486332.837204 0.000000
610501.348724 2486327.864714 0.000000
610500.819571 2486322.892224 0.000000
610500.290418 2486317.919735 0.000000
610499.761265 2486312.947245 0.000000
610499.232113 2486307.974755 0.000000
610498.702960 2486303.002265 0.000000
610498.173807 2486298.029776 0.000000
610497.644654 2486293.057286 0.000000
610497.115501 2486288.084796 0.000000
610496.586348 2486283.112306 0.000000
610496.057195 2486278.139817 0.000000
610495.528042 2486273.167327 0.000000
610494.998889 2486268.194837 0.000000
610494.469736 2486263.222347 0.000000
610493.940584 2486258.249858 0.000000
610493.411431 2486253.277368 0.000000
610492.882278 2486248.304878 0.000000
610492.353125 2486243.332389 0.000000
610491.823972 2486238.359899 0.000000
610491.294819 2486233.387409 0.000000
610490.765666 2486228.414919 0.000000
610490.236513 2486223.442430 0.000000
610489.707360 2486218.469940 0.000000
610489.178208 2486213.497450 0.000000
610488.649055 2486208.524960 0.000000
610488.119902 2486203.552471 0.000000
610487.590749 2486198.579981 0.000000
610487.061596 2486193.607491 0.000000
610486.532443 2486188.635001 0.000000
610486.003290 2486183.662512 0.000000
610485.474137 2486178.690022 0.000000
610484.944984 2486173.717532 0.000000
610484.415832 2486168.745042 0.000000
610483.886679 2486163.772553 0.000000
610483.357526 2486158.800063 0.000000
610482.828373 2486153.827573 0.000000
610482.299220 2486148.855084 0.000000
610481.770067 2486143.882594 0.000000
610481.240914 2486138.910104 0.000000
610480.711761 2486133.937614 0.000000
610480.182608 2486128.965125 0.000000
610479.653456 2486123.992635 0.000000
610479.124303 2486119.020145 0.000000
610478.595150 2486114.047655 0.000000
610478.065997 2486109.075166 0.000000
610477.536844 2486104.102676 0.000000
610477.007691 2486099.130186 0.000000
610476.478538 2486094.157696 0.000000
610475.949385 2486089.185207 0.000000
610475.420232 2486084.212717 0.000000
610474.891079 2486079.240227 0.000000
610474.361927 2486074.267738 0.000000
610473.832774 2486069.295248 0.000000
610473.303621 2486064.322758 0.000000
610472.774468 2486059.350268 0.000000
610472.245315 2486054.377779 0.000000
610471.716162 2486049.405289 0.000000
610471.187009 2486044.432799 0.000000
610470.657856 2486039.460309 0.000000
610470.128703 2486034.487820 0.000000
610469.599551 2486029.515330 0.000000
610469.070398 2486024.542840 0.000000
610468.541245 2486019.570350 0.000000
610468.012092 2486014.597861 0.000000
610467.482939 2486009.625371 0.000000
610466.953786 2486004.652881 0.000000
610466.424633 2485999.680392 0.000000
610465.895480 2485994.707902 0.000000
610465.366327 2485989.735412 0.000000
610464.837175 2485984.762922 0.000000
610464.308022 2485979.790433 0.000000
610463.778869 2485974.817943 0.000000
610463.249716 2485969.845453 0.000000
610462.720563 2485964.872963 0.000000
610462.191410 2485959.900474 0.000000
610461.662257 2485954.927984 0.000000
610461.133104 2485949.955494 0.000000
610460.603951 2485944.983004 0.000000
610460.074799 2485940.010515 0.000000
610459.545646 2485935.038025 0.000000
610459.016493 2485930.065535 0.000000
610458.487340 2485925.093046 0.000000
610457.958187 2485920.120556 0.000000
610457.429034 2485915.148066 0.000000
610456.899881 2485910.175576 0.000000
610456.370728 2485905.203087 0.000000
610455.841575 2485900.230597 0.000000
610455.312422 2485895.258107 0.000000
610454.783270 2485890.285617 0.000000
610454.254117 2485885.313128 0.000000
610453.724964 2485880.340638 0.000000
610453.195811 2485875.368148 0.000000
610452.666658 2485870.395658 0.000000
610452.137505 2485865.423169 0.000000
610451.608352 2485860.450679 0.000000
610451.079199 2485855.478189 0.000000
610450.550046 2485850.505700 0.000000
610450.020894 2485845.533210 0.000000
610449.491741 2485840.560720 0.000000
610448.962588 2485835.588230 0.000000
610448.433435 2485830.615741 0.000000
610447.904282 2485825.643251 0.000000
610447.375129 2485820.670761 0.000000
610446.845976 2485815.698271 0.000000
610446.316823 2485810.725782 0.000000
610445.787670 2485805.753292 0.000000
610445.258518 2485800.780802 0.000000
610444.729365 2485795.808312 0.000000
610444.200212 2485790.835823 0.000000
610443.671059 2485785.863333 0.000000
610443.141906 2485780.890843 0.000000
610442.612753 2485775.918354 0.000000
610442.083600 2485770.945864 0.000000
610441.554447 2485765.973374 0.000000
610441.025294 2485761.000884 0.000000
610440.496142 2485756.028395 0.000000
610439.966989 2485751.055905 0.000000
610439.437836 2485746.083415 0.000000
610438.908683 2485741.110925 0.000000
610438.379530 2485736.138436 0.000000
610437.850377 2485731.165946 0.000000
610437.321224 2485726.193456 0.000000
610436.792071 2485721.220966 0.000000
610436.262918 2485716.248477 0.000000
610435.733765 2485711.275987 0.000000
610435.204613 2485706.303497 0.000000
610434.675460 2485701.331008 0.000000
610434.146307 2485696.358518 0.000000
610433.617154 2485691.386028 0.000000
610433.088001 2485686.413538 0.000000
610432.558848 2485681.441049 0.000000
610432.029695 2485676.468559 0.000000
610431.500542 2485671.496069 0.000000
610430.971389 2485666.523579 0.000000
610430.442237 2485661.551090 0.000000
610429.913084 2485656.578600 0.000000
610429.383931 2485651.606110 0.000000
610428.854778 2485646.633620 0.000000
610428.325625 2485641.661131 0.000000
610427.796472 2485636.688641 0.000000
610427.267319 2485631.716151 0.000000
610426.738166 2485626.743662 0.000000
610426.209013 2485621.771172 0.000000
610425.679861 2485616.798682 0.000000
610425.150708 2485611.826192 0.000000
610424.621555 2485606.853703 0.000000
610424.092402 2485601.881213 0.000000
610423.563249 2485596.908723 0.000000
610423.034096 2485591.936233 0.000000
610422.504943 2485586.963744 0.000000
610421.975790 2485581.991254 0.000000
610421.446637 2485577.018764 0.000000
610420.917484 2485572.046274 0.000000
610420.388332 2485567.073785 0.000000
610419.859179 2485562.101295 0.000000
610419.330026 2485557.128805 0.000000
610418.800873 2485552.156316 0.000000
610418.271720 2485547.183826 0.000000
610417.742567 2485542.211336 0.000000
610417.213414 2485537.238846 0.000000
610416.684261 2485532.266357 0.000000
610416.155108 2485527.293867 0.000000
610415.625956 2485522.321377 0.000000
610415.096803 2485517.348887 0.000000
610414.567650 2485512.376398 0.000000
610414.038497 2485507.403908 0.000000
610413.509344 2485502.431418 0.000000
610412.980191 2485497.458928 0.000000
610412.451038 2485492.486439 0.000000
610411.921885 2485487.513949 0.000000
610411.392732 2485482.541459 0.000000
610410.863580 2485477.568970 0.000000
610410.334427 2485472.596480 0.000000
610409.805274 2485467.623990 0.000000
610409.276121 2485462.651500 0.000000
610408.746968 2485457.679011 0.000000
610408.217815 2485452.706521 0.000000
610407.688662 2485447.734031 0.000000
610407.159509 2485442.761541 0.000000
610406.630356 2485437.789052 0.000000
610406.101204 2485432.816562 0.000000
610405.572051 2485427.844072 0.000000
610405.042898 2485422.871582 0.000000
610404.513745 2485417.899093 0.000000
610403.984592 2485412.926603 0.000000
610403.455439 2485407.954113 0.000000
610402.926286 2485402.981624 0.000000
610402.397133 2485398.009134 0.000000
610401.867980 2485393.036644 0.000000
610401.338827 2485388.064154 0.000000
610400.809675 2485383.091665 0.000000
610400.280522 2485378.119175 0.000000
610399.751369 2485373.146685 0.000000
610399.222216 2485368.174195 0.000000
610398.693063 2485363.201706 0.000000
610398.163910 2485358.229216 0.000000
610397.634757 2485353.256726 0.000000
610397.105604 2485348.284236 0.000000
610396.576451 2485343.311747 0.000000
610396.047299 2485338.339257 0.000000
610395.518146 2485333.366767 0.000000
610394.988993 2485328.394278 0.000000
610394.459840 2485323.421788 0.000000
610393.930687 2485318.449298 0.000000
610393.401534 2485313.476808 0.000000
610392.872381 2485308.504319 0.000000
610392.343228 2485303.531829 0.000000
610391.814075 2485298.559339 0.000000
610391.284923 2485293.586849 0.000000
610390.755770 2485288.614360 0.000000
610390.226617 2485283.641870 0.000000
610389.697464 2485278.669380 0.000000
610389.168311 2485273.696890 0.000000
610388.639158 2485268.724401 0.000000
610388.110005 2485263.751911 0.000000
610387.580852 2485258.779421 0.000000
610387.051699 2485253.806931 0.000000
610386.522547 2485248.834442 0.000000
610385.993394 2485243.861952 0.000000
610385.464241 2485238.889462 0.000000
610384.935088 2485233.916973 0.000000
610384.405935 2485228.944483 0.000000
610383.876782 2485223.971993 0.000000
610383.347629 2485218.999503 0.000000
610382.818476 2485214.027014 0.000000
610382.289323 2485209.054524 0.000000
610381.760170 2485204.082034 0.000000
610381.231018 2485199.109544 0.000000
610380.701865 2485194.137055 0.000000
610380.172712 2485189.164565 0.000000
610379.643559 2485184.192075 0.000000
610379.114406 2485179.219585 0.000000
610378.585253 2485174.247096 0.000000
610378.056100 2485169.274606 0.000000
610377.526947 2485164.302116 0.000000
610376.997794 2485159.329627 0.000000
610376.468642 2485154.357137 0.000000
610375.939489 2485149.384647 0.000000
610375.410336 2485144.412157 0.000000
610374.881183 2485139.439668 0.000000
610374.352030 2485134.467178 0.000000
610373.822877 2485129.494688 0.000000
610373.293724 2485124.522198 0.000000
610372.764571 2485119.549709 0.000000
610372.235418 2485114.577219 0.000000
610371.706266 2485109.604729 0.000000
610371.177113 2485104.632239 0.000000
610370.647960 2485099.659750 0.000000
610370.118807 2485094.687260 0.000000
610369.589654 2485089.714770 0.000000
610369.060501 2485084.742281 0.000000
610368.531348 2485079.769791 0.000000
610368.002195 2485074.797301 0.000000
610367.473042 2485069.824811 0.000000
610366.943889 2485064.852322 0.000000
610366.414737 2485059.879832 0.000000
610365.885584 2485054.907342 0.000000
610365.356431 2485049.934852 0.000000
610364.827278 2485044.962363 0.000000
610364.298125 2485039.989873 0.000000
610363.768972 2485035.017383 0.000000
610363.239819 2485030.044893 0.000000
610362.710666 2485025.072404 0.000000
610362.181513 2485020.099914 0.000000
610361.652361 2485015.127424 0.000000
610361.123208 2485010.154935 0.000000
610360.594055 2485005.182445 0.000000
610360.064902 2485000.209955 0.000000
610359.535749 2484995.237465 0.000000
610359.006596 2484990.264976 0.000000
610358.477443 2484985.292486 0.000000
610357.948290 2484980.319996 0.000000
610357.419137 2484975.347506 0.000000
610356.889985 2484970.375017 0.000000
610356.360832 2484965.402527 0.000000
610355.831679 2484960.430037 0.000000
610355.302526 2484955.457547 0.000000
610354.773373 2484950.485058 0.000000
610354.244220 2484945.512568 0.000000
610353.715067 2484940.540078 0.000000
610353.185914 2484935.567589 0.000000
610352.656761 2484930.595099 0.000000
610352.127609 2484925.622609 0.000000
610351.598456 2484920.650119 0.000000
610351.069303 2484915.677630 0.000000
610350.540150 2484910.705140 0.000000
610350.010997 2484905.732650 0.000000
610349.141432 2484900.797875 0.000000
610348.271868 2484895.863100 0.000000
610347.402303 2484890.928325 0.000000
610346.532738 2484885.993550 0.000000
610345.663174 2484881.058775 0.000000
610344.793609 2484876.124000 0.000000
610343.924044 2484871.189225 0.000000
610343.054480 2484866.254450 0.000000
610342.184915 2484861.319674 0.000000
610341.315350 2484856.384899 0.000000
610340.445785 2484851.450124 0.000000
610339.576221 2484846.515349 0.000000
610338.706656 2484841.580574 0.000000
610337.837091 2484836.645799 0.000000
610336.967527 2484831.711024 0.000000
610336.097962 2484826.776249 0.000000
610335.228397 2484821.841474 0.000000
610334.358833 2484816.906699 0.000000
610333.489268 2484811.971924 0.000000
610332.619703 2484807.037149 0.000000
610331.750139 2484802.102373 0.000000
610330.880574 2484797.167598 0.000000
610330.011009 2484792.232823 0.000000
610329.141445 2484787.298048 0.000000
610328.271880 2484782.363273 0.000000
610327.402315 2484777.428498 0.000000
610326.532751 2484772.493723 0.000000
610325.663186 2484767.558948 0.000000
610324.793621 2484762.624173 0.000000
610323.924057 2484757.689398 0.000000
610323.054492 2484752.754623 0.000000
610322.184927 2484747.819848 0.000000
610321.315363 2484742.885072 0.000000
610320.445798 2484737.950297 0.000000
610319.576233 2484733.015522 0.000000
610318.706668 2484728.080747 0.000000
610317.837104 2484723.145972 0.000000
610316.967539 2484718.211197 0.000000
610316.097974 2484713.276422 0.000000
610315.228410 2484708.341647 0.000000
610314.358845 2484703.406872 0.000000
610313.489280 2484698.472097 0.000000
610312.619716 2484693.537322 0.000000
610311.750151 2484688.602547 0.000000
610310.880586 2484683.667772 0.000000
610310.011022 2484678.732996 0.000000
610309.514423 2484673.733004 0.000000
610309.017824 2484668.733012 0.000000
610308.521226 2484663.733019 0.000000
610308.024627 2484658.733027 0.000000
610307.528028 2484653.733034 0.000000
610307.031430 2484648.733042 0.000000
610306.534831 2484643.733049 0.000000
610306.038232 2484638.733057 0.000000
610305.541634 2484633.733065 0.000000
610305.045035 2484628.733072 0.000000
610304.548436 2484623.733080 0.000000
610304.051838 2484618.733087 0.000000
610303.555239 2484613.733095 0.000000
610303.058640 2484608.733102 0.000000
610302.562042 2484603.733110 0.000000
610302.065443 2484598.733118 0.000000
610301.568844 2484593.733125 0.000000
610301.072246 2484588.733133 0.000000
610300.575647 2484583.733140 0.000000
610300.079048 2484578.733148 0.000000
610299.582450 2484573.733155 0.000000
610299.085851 2484568.733163 0.000000
610298.589252 2484563.733171 0.000000
610298.092654 2484558.733178 0.000000
610297.596055 2484553.733186 0.000000
610297.099456 2484548.733193 0.000000
610296.602858 2484543.733201 0.000000
610296.106259 2484538.733208 0.000000
610295.609660 2484533.733216 0.000000
610295.113062 2484528.733224 0.000000
610294.616463 2484523.733231 0.000000
610294.119864 2484518.733239 0.000000
610293.623266 2484513.733246 0.000000
610293.126667 2484508.733254 0.000000
610292.630068 2484503.733261 0.000000
610292.133470 2484498.733269 0.000000
610291.636871 2484493.733277 0.000000
610291.140272 2484488.733284 0.000000
610290.643674 2484483.733292 0.000000
610290.147075 2484478.733299 0.000000
610289.650476 2484473.733307 0.000000
610289.153878 2484468.733314 0.000000
610288.657279 2484463.733322 0.000000
610288.160680 2484458.733330 0.000000
610287.664082 2484453.733337 0.000000
610287.167483 2484448.733345 0.000000
610286.670884 2484443.733352 0.000000
610286.174286 2484438.733360 0.000000
610285.677687 2484433.733367 0.000000
610285.181088 2484428.733375 0.000000
610284.684490 2484423.733383 0.000000
610284.187891 2484418.733390 0.000000
610283.691292 2484413.733398 0.000000
610283.194694 2484408.733405 0.000000
610282.698095 2484403.733413 0.000000
610282.201496 2484398.733420 0.000000
610281.704898 2484393.733428 0.000000
610281.208299 2484388.733436 0.000000
610280.711700 2484383.733443 0.000000
610280.215102 2484378.733451 0.000000
610279.718503 2484373.733458 0.000000
610279.221904 2484368.733466 0.000000
610278.725306 2484363.733473 0.000000
610278.228707 2484358.733481 0.000000
610277.732108 2484353.733489 0.000000
610277.235510 2484348.733496 0.000000
610276.738911 2484343.733504 0.000000
610276.242312 2484338.733511 0.000000
610275.745714 2484333.733519 0.000000
610275.249115 2484328.733527 0.000000
610274.752516 2484323.733534 0.000000
610274.255918 2484318.733542 0.000000
610273.759319 2484313.733549 0.000000
610273.262720 2484308.733557 0.000000
610272.766122 2484303.733564 0.000000
610272.269523 2484298.733572 0.000000
610271.772924 2484293.733580 0.000000
610271.276326 2484288.733587 0.000000
610270.779727 2484283.733595 0.000000
610270.283128 2484278.733602 0.000000
610269.786530 2484273.733610 0.000000
610269.289931 2484268.733617 0.000000
610268.793332 2484263.733625 0.000000
610268.296734 2484258.733633 0.000000
610267.800135 2484253.733640 0.000000
610267.303536 2484248.733648 0.000000
610266.806938 2484243.733655 0.000000
610266.310339 2484238.733663 0.000000
610265.813740 2484233.733670 0.000000
610265.317142 2484228.733678 0.000000
610264.820543 2484223.733686 0.000000
610264.323944 2484218.733693 0.000000
610263.827346 2484213.733701 0.000000
610263.330747 2484208.733708 0.000000
610262.834148 2484203.733716 0.000000
610262.337550 2484198.733723 0.000000
610261.840951 2484193.733731 0.000000
610261.344352 2484188.733739 0.000000
610260.847754 2484183.733746 0.000000
610260.351155 2484178.733754 0.000000
610259.854556 2484173.733761 0.000000
610259.357958 2484168.733769 0.000000
610258.861359 2484163.733776 0.000000
610258.364760 2484158.733784 0.000000
610257.868162 2484153.733792 0.000000
610257.371563 2484148.733799 0.000000
610256.874964 2484143.733807 0.000000
610256.378366 2484138.733814 0.000000
610255.881767 2484133.733822 0.000000
610255.385168 2484128.733829 0.000000
610254.888570 2484123.733837 0.000000
610254.391971 2484118.733845 0.000000
610253.895372 2484113.733852 0.000000
610253.398774 2484108.733860 0.000000
610252.902175 2484103.733867 0.000000
610252.405576 2484098.733875 0.000000
610251.908978 2484093.733882 0.000000
610251.412379 2484088.733890 0.000000
610250.915780 2484083.733898 0.000000
610250.419182 2484078.733905 0.000000
610249.922583 2484073.733913 0.000000
610249.425984 2484068.733920 0.000000
610248.929386 2484063.733928 0.000000
610248.432787 2484058.733935 0.000000
610247.936188 2484053.733943 0.000000
610247.439590 2484048.733951 0.000000
610246.942991 2484043.733958 0.000000
610246.446392 2484038.733966 0.000000
610245.949794 2484033.733973 0.000000
610245.453195 2484028.733981 0.000000
610244.956596 2484023.733988 0.000000
610244.459998 2484018.733996 0.000000
610243.963399 2484013.734004 0.000000
610243.466800 2484008.734011 0.000000
610242.970202 2484003.734019 0.000000
610242.473603 2483998.734026 0.000000
610241.977004 2483993.734034 0.000000
610241.480406 2483988.734041 0.000000
610240.983807 2483983.734049 0.000000
610240.487208 2483978.734057 0.000000
610239.990610 2483973.734064 0.000000
610239.494011 2483968.734072 0.000000
610238.997412 2483963.734079 0.000000
610238.500814 2483958.734087 0.000000
610238.004215 2483953.734094 0.000000
610237.507616 2483948.734102 0.000000
610237.011018 2483943.734110 0.000000
610236.811017 2483938.717450 0.000000
610236.611017 2483933.700791 0.000000
610236.411016 2483928.684132 0.000000
610236.211016 2483923.667473 0.000000
610236.011015 2483918.650814 0.000000
610235.811015 2483913.634155 0.000000
610235.611014 2483908.617496 0.000000
610235.411014 2483903.600837 0.000000
610235.211013 2483898.584178 0.000000
610235.011013 2483893.567518 0.000000
610234.811013 2483888.550859 0.000000
610234.611012 2483883.534200 0.000000
610234.411012 2483878.517541 0.000000
610234.211011 2483873.500882 0.000000
610234.011011 2483868.484223 0.000000
610233.811010 2483863.467564 0.000000
610233.611010 2483858.450905 0.000000
610233.411009 2483853.434246 0.000000
610233.211009 2483848.417586 0.000000
610233.011008 2483843.400927 0.000000
610232.811008 2483838.384268 0.000000
610232.611007 2483833.367609 0.000000
610232.411007 2483828.350950 0.000000
610232.211006 2483823.334291 0.000000
610232.011006 2483818.317632 0.000000
610231.811005 2483813.300973 0.000000
610231.611005 2483808.284314 0.000000
610231.411005 2483803.267654 0.000000
610231.211004 2483798.250995 0.000000
610231.011004 2483793.234336 0.000000
610230.811003 2483788.217677 0.000000
610230.611003 2483783.201018 0.000000
610230.411002 2483778.184359 0.000000
610230.211002 2483773.167700 0.000000
610230.011001 2483768.151041 0.000000
610229.811001 2483763.134382 0.000000
610229.611000 2483758.117722 0.000000
610229.411000 2483753.101063 0.000000
610229.210999 2483748.084404 0.000000
610229.010999 2483743.067745 0.000000
610228.810998 2483738.051086 0.000000
610228.610998 2483733.034427 0.000000
610228.410997 2483728.017768 0.000000
610228.210997 2483723.001109 0.000000
610228.010997 2483717.984450 0.000000
610227.810996 2483712.967790 0.000000
610227.610996 2483707.951131 0.000000
610227.410995 2483702.934472 0.000000
610227.210995 2483697.917813 0.000000
610227.010994 2483692.901154 0.000000
610226.810994 2483687.884495 0.000000
610226.610993 2483682.867836 0.000000
610226.410993 2483677.851177 0.000000
610226.210992 2483672.834518 0.000000
610226.010992 2483667.817858 0.000000
610225.810991 2483662.801199 0.000000
610225.610991 2483657.784540 0.000000
610225.410990 2483652.767881 0.000000
610225.210990 2483647.751222 0.000000
610225.010989 2483642.734563 0.000000
610224.461371 2483637.726937 0.000000
610223.911753 2483632.719311 0.000000
610223.362135 2483627.711685 0.000000
610222.812516 2483622.704059 0.000000
610222.262898 2483617.696433 0.000000
610221.713280 2483612.688807 0.000000
610221.163662 2483607.681181 0.000000
610220.614043 2483602.673555 0.000000
610220.064425 2483597.665929 0.000000
610219.514807 2483592.658303 0.000000
610218.965188 2483587.650677 0.000000
610218.415570 2483582.643051 0.000000
610217.865952 2483577.635425 0.000000
610217.316334 2483572.627799 0.000000
610216.766715 2483567.620173 0.000000
610216.217097 2483562.612547 0.000000
610215.667479 2483557.604921 0.000000
610215.117861 2483552.597295 0.000000
610214.568242 2483547.589669 0.000000
610214.018624 2483542.582043 0.000000
610213.469006 2483537.574417 0.000000
610212.919388 2483532.566791 0.000000
610212.369769 2483527.559165 0.000000
610211.820151 2483522.551539 0.000000
610211.270533 2483517.543913 0.000000
610210.720914 2483512.536287 0.000000
610210.171296 2483507.528661 0.000000
610209.621678 2483502.521035 0.000000
610209.072060 2483497.513409 0.000000
610208.522441 2483492.505783 0.000000
610207.972823 2483487.498157 0.000000
610207.423205 2483482.490531 0.000000
610206.873587 2483477.482905 0.000000
610206.323968 2483472.475279 0.000000
610205.774350 2483467.467653 0.000000
610205.224732 2483462.460027 0.000000
610204.675113 2483457.452401 0.000000
610204.125495 2483452.444775 0.000000
610203.575877 2483447.437149 0.000000
610203.026259 2483442.429523 0.000000
610202.476640 2483437.421897 0.000000
610201.927022 2483432.414271 0.000000
610201.377404 2483427.406645 0.000000
610200.827786 2483422.399019 0.000000
610200.278167 2483417.391393 0.000000
610199.728549 2483412.383767 0.000000
610199.178931 2483407.376141 0.000000
610198.629313 2483402.368515 0.000000
610198.079694 2483397.360889 0.000000
610197.530076 2483392.353263 0.000000
610196.980458 2483387.345637 0.000000
610196.430839 2483382.338011 0.000000
610195.881221 2483377.330385 0.000000
610195.331603 2483372.322760 0.000000
610194.781985 2483367.315134 0.000000
610194.232366 2483362.307508 0.000000
610193.682748 2483357.299882 0.000000
610193.133130 2483352.292256 0.000000
610192.583512 2483347.284630 0.000000
610192.033893 2483342.277004 0.000000
610191.484275 2483337.269378 0.000000
610190.934657 2483332.261752 0.000000
610190.385038 2483327.254126 0.000000
610189.835420 2483322.246500 0.000000
610189.285802 2483317.238874 0.000000
610188.736184 2483312.231248 0.000000
610188.186565 2483307.223622 0.000000
610187.636947 2483302.215996 0.000000
610187.087329 2483297.208370 0.000000
610186.537711 2483292.200744 0.000000
610185.988092 2483287.193118 0.000000
610185.438474 2483282.185492 0.000000
610184.888856 2483277.177866 0.000000
610184.339238 2483272.170240 0.000000
610183.789619 2483267.162614 0.000000
610183.240001 2483262.154988 0.000000
610182.690383 2483257.147362 0.000000
610182.140764 2483252.139736 0.000000
610181.591146 2483247.132110 0.000000
610181.041528 2483242.124484 0.000000
610180.491910 2483237.116858 0.000000
610179.942291 2483232.109232 0.000000
610179.392673 2483227.101606 0.000000
610178.843055 2483222.093980 0.000000
610178.293437 2483217.086354 0.000000
610177.743818 2483212.078728 0.000000
610177.194200 2483207.071102 0.000000
610176.644582 2483202.063476 0.000000
610176.094964 2483197.055850 0.000000
610175.545345 2483192.048224 0.000000
610174.995727 2483187.040598 0.000000
610174.446109 2483182.032972 0.000000
610173.896490 2483177.025346 0.000000
610173.346872 2483172.017720 0.000000
610172.797254 2483167.010094 0.000000
610172.247636 2483162.002468 0.000000
610171.698017 2483156.994842 0.000000
610171.148399 2483151.987216 0.000000
610170.598781 2483146.979590 0.000000
610170.049163 2483141.971964 0.000000
610169.499544 2483136.964338 0.000000
610168.949926 2483131.956712 0.000000
610168.400308 2483126.949086 0.000000
610167.850689 2483121.941460 0.000000
610167.301071 2483116.933834 0.000000
610166.751453 2483111.926208 0.000000
610166.201835 2483106.918582 0.000000
610165.652216 2483101.910956 0.000000
610165.102598 2483096.903330 0.000000
610164.552980 2483091.895704 0.000000
610164.003362 2483086.888078 0.000000
610163.453743 2483081.880452 0.000000
610162.904125 2483076.872826 0.000000
610162.354507 2483071.865200 0.000000
610161.804889 2483066.857574 0.000000
610161.255270 2483061.849948 0.000000
610160.705652 2483056.842322 0.000000
610160.156034 2483051.834696 0.000000
610159.606415 2483046.827070 0.000000
610159.056797 2483041.819444 0.000000
610158.507179 2483036.811818 0.000000
610157.957561 2483031.804192 0.000000
610157.407942 2483026.796566 0.000000
610156.858324 2483021.788940 0.000000
610156.308706 2483016.781314 0.000000
610155.759088 2483011.773688 0.000000
610155.209469 2483006.766062 0.000000
610154.659851 2483001.758436 0.000000
610154.110233 2482996.750810 0.000000
610153.560614 2482991.743184 0.000000
610153.010996 2482986.735558 0.000000
610152.288774 2482981.763344 0.000000
610151.566552 2482976.791129 0.000000
610150.844330 2482971.818914 0.000000
610150.122109 2482966.846700 0.000000
610149.399887 2482961.874485 0.000000
610148.677665 2482956.902270 0.000000
610147.955443 2482951.930056 0.000000
610147.233221 2482946.957841 0.000000
610146.510999 2482941.985627 0.000000
610145.788777 2482937.013412 0.000000
610145.066555 2482932.041197 0.000000
610144.344333 2482927.068983 0.000000
610143.622111 2482922.096768 0.000000
610142.899889 2482917.124553 0.000000
610142.177668 2482912.152339 0.000000
610141.455446 2482907.180124 0.000000
610140.733224 2482902.207909 0.000000
610140.011002 2482897.235695 0.000000
610139.288780 2482892.263480 0.000000
610138.566558 2482887.291265 0.000000
610137.844336 2482882.319051 0.000000
610137.122114 2482877.346836 0.000000
610136.399892 2482872.374621 0.000000
610135.677670 2482867.402407 0.000000
610134.955449 2482862.430192 0.000000
610134.233227 2482857.457978 0.000000
610133.511005 2482852.485763 0.000000
610132.788783 2482847.513548 0.000000
610132.066561 2482842.541334 0.000000
610131.344339 2482837.569119 0.000000
610130.622117 2482832.596904 0.000000
610129.899895 2482827.624690 0.000000
610129.177673 2482822.652475 0.000000
610128.455451 2482817.680260 0.000000
610127.733229 2482812.708046 0.000000
610127.011008 2482807.735831 0.000000
610126.490900 2482802.765329 0.000000
610125.970793 2482797.794827 0.000000
610125.450686 2482792.824326 0.000000
610124.930579 2482787.853824 0.000000
610124.410471 2482782.883322 0.000000
610123.890364 2482777.912820 0.000000
610123.370257 2482772.942318 0.000000
610122.850150 2482767.971816 0.000000
610122.330043 2482763.001315 0.000000
610121.809935 2482758.030813 0.000000
610121.289828 2482753.060311 0.000000
610120.769721 2482748.089809 0.000000
610120.249614 2482743.119307 0.000000
610119.729506 2482738.148805 0.000000
610119.209399 2482733.178304 0.000000
610118.689292 2482728.207802 0.000000
610118.169185 2482723.237300 0.000000
610117.649078 2482718.266798 0.000000
610117.128970 2482713.296296 0.000000
610116.608863 2482708.325794 0.000000
610116.088756 2482703.355293 0.000000
610115.568649 2482698.384791 0.000000
610115.048541 2482693.414289 0.000000
610114.528434 2482688.443787 0.000000
610114.008327 2482683.473285 0.000000
610113.488220 2482678.502783 0.000000
610112.968112 2482673.532282 0.000000
610112.448005 2482668.561780 0.000000
610111.927898 2482663.591278 0.000000
610111.407791 2482658.620776 0.000000
610110.887684 2482653.650274 0.000000
610110.367576 2482648.679772 0.000000
610109.847469 2482643.709271 0.000000
610109.327362 2482638.738769 0.000000
610108.807255 2482633.768267 0.000000
610108.287147 2482628.797765 0.000000
610107.767040 2482623.827263 0.000000
610107.246933 2482618.856761 0.000000
610106.726826 2482613.886260 0.000000
610106.206719 2482608.915758 0.000000
610105.686611 2482603.945256 0.000000
610105.166504 2482598.974754 0.000000
610104.646397 2482594.004252 0.000000
610104.126290 2482589.033750 0.000000
610103.606182 2482584.063249 0.000000
610103.086075 2482579.092747 0.000000
610102.565968 2482574.122245 0.000000
610102.045861 2482569.151743 0.000000
610101.525754 2482564.181241 0.000000
610101.005646 2482559.210739 0.000000
610100.485539 2482554.240237 0.000000
610099.965432 2482549.269736 0.000000
610099.445325 2482544.299234 0.000000
610098.925217 2482539.328732 0.000000
610098.405110 2482534.358230 0.000000
610097.885003 2482529.387728 0.000000
610097.364896 2482524.417226 0.000000
610096.844789 2482519.446725 0.000000
610096.324681 2482514.476223 0.000000
610095.804574 2482509.505721 0.000000
610095.284467 2482504.535219 0.000000
610094.764360 2482499.564717 0.000000
610094.244252 2482494.594215 0.000000
610093.724145 2482489.623714 0.000000
610093.204038 2482484.653212 0.000000
610092.683931 2482479.682710 0.000000
610092.163824 2482474.712208 0.000000
610091.643716 2482469.741706 0.000000
610091.123609 2482464.771204 0.000000
610090.603502 2482459.800703 0.000000
610090.083395 2482454.830201 0.000000
610089.563287 2482449.859699 0.000000
610089.043180 2482444.889197 0.000000
610088.523073 2482439.918695 0.000000
610088.002966 2482434.948193 0.000000
610087.482859 2482429.977692 0.000000
610086.962751 2482425.007190 0.000000
610086.442644 2482420.036688 0.000000
610085.922537 2482415.066186 0.000000
610085.402430 2482410.095684 0.000000
610084.882322 2482405.125182 0.000000
610084.362215 2482400.154681 0.000000
610083.842108 2482395.184179 0.000000
610083.322001 2482390.213677 0.000000
610082.801893 2482385.243175 0.000000
610082.281786 2482380.272673 0.000000
610081.761679 2482375.302171 0.000000
610081.241572 2482370.331670 0.000000
610080.721465 2482365.361168 0.000000
610080.201357 2482360.390666 0.000000
610079.681250 2482355.420164 0.000000
610079.161143 2482350.449662 0.000000
610078.641036 2482345.479160 0.000000
610078.120928 2482340.508659 0.000000
610077.600821 2482335.538157 0.000000
610077.080714 2482330.567655 0.000000
610076.560607 2482325.597153 0.000000
610076.040500 2482320.626651 0.000000
610075.520392 2482315.656149 0.000000
610075.000285 2482310.685648 0.000000
610074.480178 2482305.715146 0.000000
610073.960071 2482300.744644 0.000000
610073.439963 2482295.774142 0.000000
610072.919856 2482290.803640 0.000000
610072.399749 2482285.833138 0.000000
610071.879642 2482280.862637 0.000000
610071.359535 2482275.892135 0.000000
610070.839427 2482270.921633 0.000000
610070.319320 2482265.951131 0.000000
610069.799213 2482260.980629 0.000000
610069.279106 2482256.010127 0.000000
610068.758998 2482251.039626 0.000000
610068.238891 2482246.069124 0.000000
610067.718784 2482241.098622 0.000000
610067.198677 2482236.128120 0.000000
610066.678570 2482231.157618 0.000000
610066.158462 2482226.187116 0.000000
610065.638355 2482221.216615 0.000000
610065.118248 2482216.246113 0.000000
610064.598141 2482211.275611 0.000000
610064.078033 2482206.305109 0.000000
610063.557926 2482201.334607 0.000000
610063.037819 2482196.364105 0.000000
610062.517712 2482191.393604 0.000000
610061.997605 2482186.423102 0.000000
610061.477497 2482181.452600 0.000000
610060.957390 2482176.482098 0.000000
610060.437283 2482171.511596 0.000000
610059.917176 2482166.541094 0.000000
610059.397068 2482161.570593 0.000000
610058.876961 2482156.600091 0.000000
610058.356854 2482151.629589 0.000000
610057.836747 2482146.659087 0.000000
610057.316640 2482141.688585 0.000000
610056.796532 2482136.718083 0.000000
610056.276425 2482131.747582 0.000000
610055.756318 2482126.777080 0.000000
610055.236211 2482121.806578 0.000000
610054.716103 2482116.836076 0.000000
610054.195996 2482111.865574 0.000000
610053.675889 2482106.895072 0.000000
610053.155782 2482101.924571 0.000000
610052.635674 2482096.954069 0.000000
610052.115567 2482091.983567 0.000000
610051.595460 2482087.013065 0.000000
610051.075353 2482082.042563 0.000000
610050.555246 2482077.072061 0.000000
610050.035138 2482072.101560 0.000000
610049.515031 2482067.131058 0.000000
610048.994924 2482062.160556 0.000000
610048.474817 2482057.190054 0.000000
610047.954709 2482052.219552 0.000000
610047.434602 2482047.249050 0.000000
610046.914495 2482042.278549 0.000000
610046.394388 2482037.308047 0.000000
610045.874281 2482032.337545 0.000000
610045.354173 2482027.367043 0.000000
610044.834066 2482022.396541 0.000000
610044.313959 2482017.426039 0.000000
610043.793852 2482012.455538 0.000000
610043.273744 2482007.485036 0.000000
610042.753637 2482002.514534 0.000000
610042.233530 2481997.544032 0.000000
610041.713423 2481992.573530 0.000000
610041.193316 2481987.603028 0.000000
610040.673208 2481982.632527 0.000000
610040.153101 2481977.662025 0.000000
610039.632994 2481972.691523 0.000000
610039.112887 2481967.721021 0.000000
610038.592779 2481962.750519 0.000000
610038.072672 2481957.780017 0.000000
610037.552565 2481952.809516 0.000000
610037.032458 2481947.839014 0.000000
610036.512351 2481942.868512 0.000000
610035.992243 2481937.898010 0.000000
610035.472136 2481932.927508 0.000000
610034.952029 2481927.957006 0.000000
610034.431922 2481922.986504 0.000000
610033.911814 2481918.016003 0.000000
610033.391707 2481913.045501 0.000000
610032.871600 2481908.074999 0.000000
610032.351493 2481903.104497 0.000000
610031.831386 2481898.133995 0.000000
610031.311278 2481893.163493 0.000000
610030.791171 2481888.192992 0.000000
610030.271064 2481883.222490 0.000000
610029.750957 2481878.251988 0.000000
610029.230849 2481873.281486 0.000000
610028.710742 2481868.310984 0.000000
610028.190635 2481863.340482 0.000000
610027.670528 2481858.369981 0.000000
610027.150421 2481853.399479 0.000000
610026.630313 2481848.428977 0.000000
610026.110206 2481843.458475 0.000000
610025.590099 2481838.487973 0.000000
610025.069992 2481833.517471 0.000000
610024.549884 2481828.546970 0.000000
610024.029777 2481823.576468 0.000000
610023.509670 2481818.605966 0.000000
610022.989563 2481813.635464 0.000000
610022.469455 2481808.664962 0.000000
610021.949348 2481803.694460 0.000000
610021.429241 2481798.723959 0.000000
610020.909134 2481793.753457 0.000000
610020.389027 2481788.782955 0.000000
610019.868919 2481783.812453 0.000000
610019.348812 2481778.841951 0.000000
610018.828705 2481773.871449 0.000000
610018.308598 2481768.900948 0.000000
610017.788490 2481763.930446 0.000000
610017.268383 2481758.959944 0.000000
610016.748276 2481753.989442 0.000000
610016.228169 2481749.018940 0.000000
610015.708062 2481744.048438 0.000000
610015.187954 2481739.077937 0.000000
610014.667847 2481734.107435 0.000000
610014.147740 2481729.136933 0.000000
610013.627633 2481724.166431 0.000000
610013.107525 2481719.195929 0.000000
610012.587418 2481714.225427 0.000000
610012.067311 2481709.254926 0.000000
610011.547204 2481704.284424 0.000000
610011.027097 2481699.313922 0.000000
610010.506989 2481694.343420 0.000000
610009.986882 2481689.372918 0.000000
610009.466775 2481684.402416 0.000000
610008.946668 2481679.431915 0.000000
610008.426560 2481674.461413 0.000000
610007.906453 2481669.490911 0.000000
610007.386346 2481664.520409 0.000000
610006.866239 2481659.549907 0.000000
610006.346132 2481654.579405 0.000000
610005.826024 2481649.608904 0.000000
610005.305917 2481644.638402 0.000000
610004.785810 2481639.667900 0.000000
610004.265703 2481634.697398 0.000000
610003.745595 2481629.726896 0.000000
610003.225488 2481624.756394 0.000000
610002.705381 2481619.785893 0.000000
610002.185274 2481614.815391 0.000000
610001.665167 2481609.844889 0.000000
610001.145059 2481604.874387 0.000000
610000.624952 2481599.903885 0.000000
610000.104845 2481594.933383 0.000000
609999.584738 2481589.962882 0.000000
609999.064630 2481584.992380 0.000000
609998.544523 2481580.021878 0.000000
609998.024416 2481575.051376 0.000000
609997.504309 2481570.080874 0.000000
609996.984202 2481565.110372 0.000000
609996.464094 2481560.139871 0.000000
609995.943987 2481555.169369 0.000000
609995.423880 2481550.198867 0.000000
609994.903773 2481545.228365 0.000000
609994.383665 2481540.257863 0.000000
609993.863558 2481535.287361 0.000000
609993.343451 2481530.316860 0.000000
609992.823344 2481525.346358 0.000000
609992.303236 2481520.375856 0.000000
609991.783129 2481515.405354 0.000000
609991.263022 2481510.434852 0.000000
609990.742915 2481505.464350 0.000000
609990.222808 2481500.493849 0.000000
609989.702700 2481495.523347 0.000000
609989.182593 2481490.552845 0.000000
609988.662486 2481485.582343 0.000000
609988.142379 2481480.611841 0.000000
609987.622271 2481475.641339 0.000000
609987.102164 2481470.670838 0.000000
609986.582057 2481465.700336 0.000000
609986.061950 2481460.729834 0.000000
609985.541843 2481455.759332 0.000000
609985.021735 2481450.788830 0.000000
609984.501628 2481445.818328 0.000000
609983.981521 2481440.847827 0.000000
609983.461414 2481435.877325 0.000000
609982.941306 2481430.906823 0.000000
609982.421199 2481425.936321 0.000000
609981.901092 2481420.965819 0.000000
609981.380985 2481415.995317 0.000000
609980.860878 2481411.024816 0.000000
609980.340770 2481406.054314 0.000000
609979.820663 2481401.083812 0.000000
609979.300556 2481396.113310 0.000000
609978.780449 2481391.142808 0.000000
609978.260341 2481386.172306 0.000000
609977.740234 2481381.201805 0.000000
609977.220127 2481376.231303 0.000000
609976.700020 2481371.260801 0.000000
609976.179913 2481366.290299 0.000000
609975.659805 2481361.319797 0.000000
609975.139698 2481356.349295 0.000000
609974.619591 2481351.378794 0.000000
609974.099484 2481346.408292 0.000000
609973.579376 2481341.437790 0.000000
609973.059269 2481336.467288 0.000000
609972.539162 2481331.496786 0.000000
609972.019055 2481326.526284 0.000000
609971.498948 2481321.555783 0.000000
609970.978840 2481316.585281 0.000000
609970.458733 2481311.614779 0.000000
609969.938626 2481306.644277 0.000000
609969.418519 2481301.673775 0.000000
609968.898411 2481296.703273 0.000000
609968.378304 2481291.732771 0.000000
609967.858197 2481286.762270 0.000000
609967.338090 2481281.791768 0.000000
609966.817983 2481276.821266 0.000000
609966.297875 2481271.850764 0.000000
609965.777768 2481266.880262 0.000000
609965.257661 2481261.909760 0.000000
609964.737554 2481256.939259 0.000000
609964.217446 2481251.968757 0.000000
609963.697339 2481246.998255 0.000000
609963.177232 2481242.027753 0.000000
609962.657125 2481237.057251 0.000000
609962.137017 2481232.086749 0.000000
609961.616910 2481227.116248 0.000000
609961.096803 2481222.145746 0.000000
609960.576696 2481217.175244 0.000000
609960.056589 2481212.204742 0.000000
609959.536481 2481207.234240 0.000000
609959.016374 2481202.263738 0.000000
609958.496267 2481197.293237 0.000000
609957.976160 2481192.322735 0.000000
609957.456052 2481187.352233 0.000000
609956.935945 2481182.381731 0.000000
609956.415838 2481177.411229 0.000000
609955.895731 2481172.440727 0.000000
609955.375624 2481167.470226 0.000000
609954.855516 2481162.499724 0.000000
609954.335409 2481157.529222 0.000000
609953.815302 2481152.558720 0.000000
609953.295195 2481147.588218 0.000000
609952.775087 2481142.617716 0.000000
609952.254980 2481137.647215 0.000000
609951.734873 2481132.676713 0.000000
609951.214766 2481127.706211 0.000000
609950.694659 2481122.735709 0.000000
609950.174551 2481117.765207 0.000000
609949.654444 2481112.794705 0.000000
609949.134337 2481107.824204 0.000000
609948.614230 2481102.853702 0.000000
609948.094122 2481097.883200 0.000000
609947.574015 2481092.912698 0.000000
609947.053908 2481087.942196 0.000000
609946.533801 2481082.971694 0.000000
609946.013694 2481078.001193 0.000000
609945.493586 2481073.030691 0.000000
609944.973479 2481068.060189 0.000000
609944.453372 2481063.089687 0.000000
609943.933265 2481058.119185 0.000000
609943.413157 2481053.148683 0.000000
609942.893050 2481048.178182 0.000000
609942.372943 2481043.207680 0.000000
609941.852836 2481038.237178 0.000000
609941.332729 2481033.266676 0.000000
609940.812621 2481028.296174 0.000000
609940.292514 2481023.325672 0.000000
609939.772407 2481018.355171 0.000000
609939.252300 2481013.384669 0.000000
609938.732192 2481008.414167 0.000000
609938.212085 2481003.443665 0.000000
609937.691978 2480998.473163 0.000000
609937.171871 2480993.502661 0.000000
609936.651764 2480988.532160 0.000000
609936.131656 2480983.561658 0.000000
609935.611549 2480978.591156 0.000000
609935.091442 2480973.620654 0.000000
609934.571335 2480968.650152 0.000000
609934.051227 2480963.679650 0.000000
609933.531120 2480958.709149 0.000000
609933.011013 2480953.738647 0.000000
