FFASCI 0 1 "LINES" 0 1e+10
FFATTR 0 1
->1
611996.009043 2488103.727612 0.000000
611991.081778 2488104.673066 0.000000
611986.154513 2488105.618520 0.000000
611981.227247 2488106.563974 0.000000
611976.299982 2488107.509428 0.000000
611971.372717 2488108.454881 0.000000
611966.445452 2488109.400335 0.000000
611961.518186 2488110.345789 0.000000
611956.590921 2488111.291243 0.000000
611951.663656 2488112.236697 0.000000
611946.736391 2488113.182151 0.000000
611941.809125 2488114.127605 0.000000
611936.881860 2488115.073059 0.000000
611931.954595 2488116.018513 0.000000
611927.027330 2488116.963967 0.000000
611922.100064 2488117.909420 0.000000
611917.172799 2488118.854874 0.000000
611912.245534 2488119.800328 0.000000
611907.318268 2488120.745782 0.000000
611902.391003 2488121.691236 0.000000
611897.463738 2488122.636690 0.000000
611892.536473 2488123.582144 0.000000
611887.609207 2488124.527598 0.000000
611882.681942 2488125.473052 0.000000
611877.754677 2488126.418505 0.000000
611872.827412 2488127.363959 0.000000
611867.900146 2488128.309413 0.000000
611862.972881 2488129.254867 0.000000
611858.045616 2488130.200321 0.000000
611853.118351 2488131.145775 0.000000
611848.191085 2488132.091229 0.000000
611843.263820 2488133.036683 0.000000
611838.336555 2488133.982137 0.000000
611833.409289 2488134.927591 0.000000
611828.482024 2488135.873044 0.000000
611823.554759 2488136.818498 0.000000
611818.627494 2488137.763952 0.000000
611813.700228 2488138.709406 0.000000
611808.772963 2488139.654860 0.000000
611803.845698 2488140.600314 0.000000
611798.918433 2488141.545768 0.000000
611793.991167 2488142.491222 0.000000
611789.063902 2488143.436676 0.000000
611784.136637 2488144.382130 0.000000
611779.209372 2488145.327583 0.000000
611774.282106 2488146.273037 0.000000
611769.354841 2488147.218491 0.000000
611764.427576 2488148.163945 0.000000
611759.500310 2488149.109399 0.000000
611754.573045 2488150.054853 0.000000
611749.645780 2488151.000307 0.000000
611744.718515 2488151.945761 0.000000
611739.791249 2488152.891215 0.000000
611734.863984 2488153.836668 0.000000
611729.936719 2488154.782122 0.000000
611725.009454 2488155.727576 0.000000
611720.065799 2488156.459970 0.000000
611715.122145 2488157.192364 0.000000
611710.178490 2488157.924758 0.000000
611705.234836 2488158.657152 0.000000
611700.291181 2488159.389546 0.000000
611695.347526 2488160.121940 0.000000
611690.403872 2488160.854335 0.000000
611685.460217 2488161.586729 0.000000
611680.516563 2488162.319123 0.000000
611675.572908 2488163.051517 0.000000
611670.629254 2488163.783911 0.000000
611665.685599 2488164.516305 0.000000
611660.741945 2488165.248699 0.000000
611655.798290 2488165.981093 0.000000
611650.854636 2488166.713487 0.000000
611645.910981 2488167.445881 0.000000
611640.967327 2488168.178275 0.000000
611636.023672 2488168.910669 0.000000
611631.080018 2488169.643063 0.000000
611626.136363 2488170.375457 0.000000
611621.192709 2488171.107851 0.000000
611616.249054 2488171.840245 0.000000
611611.305400 2488172.572639 0.000000
611606.361745 2488173.305033 0.000000
611601.418091 2488174.037427 0.000000
611596.474436 2488174.769821 0.000000
611591.530782 2488175.502215 0.000000
611586.587127 2488176.234609 0.000000
611581.643473 2488176.967003 0.000000
611576.699818 2488177.699397 0.000000
611571.756163 2488178.431791 0.000000
611566.812509 2488179.164185 0.000000
611561.868854 2488179.896579 0.000000
611556.925200 2488180.628973 0.000000
611551.981545 2488181.361367 0.000000
611547.037891 2488182.093762 0.000000
611542.094236 2488182.826156 0.000000
611537.150582 2488183.558550 0.000000
611532.206927 2488184.290944 0.000000
611527.263273 2488185.023338 0.000000
611522.319618 2488185.755732 0.000000
611517.375964 2488186.488126 0.000000
611512.432309 2488187.220520 0.000000
611507.488655 2488187.952914 0.000000
611502.545000 2488188.685308 0.000000
611497.601346 2488189.417702 0.000000
611492.657691 2488190.150096 0.000000
611487.714037 2488190.882490 0.000000
611482.770382 2488191.614884 0.000000
611477.826728 2488192.347278 0.000000
611472.883073 2488193.079672 0.000000
611467.939419 2488193.812066 0.000000
611462.995764 2488194.544460 0.000000
611458.052110 2488195.276854 0.000000
611453.108455 2488196.009248 0.000000
611448.164800 2488196.741642 0.000000
611443.221146 2488197.474036 0.000000
611438.277491 2488198.206430 0.000000
611433.333837 2488198.938824 0.000000
611428.390182 2488199.671218 0.000000
611423.446528 2488200.403612 0.000000
611418.502873 2488201.136006 0.000000
611413.559219 2488201.868400 0.000000
611408.615564 2488202.600794 0.000000
611403.671910 2488203.333189 0.000000
611398.728255 2488204.065583 0.000000
611393.784601 2488204.797977 0.000000
611388.840946 2488205.530371 0.000000
611383.897292 2488206.262765 0.000000
611378.953637 2488206.995159 0.000000
611374.009983 2488207.727553 0.000000
611369.066328 2488208.459947 0.000000
611364.122674 2488209.192341 0.000000
611359.179019 2488209.924735 0.000000
611354.235365 2488210.657129 0.000000
611349.291710 2488211.389523 0.000000
611344.348056 2488212.121917 0.000000
611339.404401 2488212.854311 0.000000
611334.460747 2488213.586705 0.000000
611329.517092 2488214.319099 0.000000
611324.573437 2488215.051493 0.000000
611319.629783 2488215.783887 0.000000
611314.686128 2488216.516281 0.000000
611309.742474 2488217.248675 0.000000
611304.798819 2488217.981069 0.000000
611299.855165 2488218.713463 0.000000
611294.911510 2488219.445857 0.000000
611289.967856 2488220.178251 0.000000
611285.024201 2488220.910645 0.000000
611280.080547 2488221.643039 0.000000
611275.136892 2488222.375433 0.000000
611270.193238 2488223.107827 0.000000
611265.249583 2488223.840222 0.000000
611260.305929 2488224.572616 0.000000
611255.362274 2488225.305010 0.000000
611250.418620 2488226.037404 0.000000
611245.474965 2488226.769798 0.000000
611240.531311 2488227.502192 0.000000
611235.587656 2488228.234586 0.000000
611230.644002 2488228.966980 0.000000
611225.700347 2488229.699374 0.000000
611220.756693 2488230.431768 0.000000
611215.813038 2488231.164162 0.000000
611210.869384 2488231.896556 0.000000
611205.925729 2488232.628950 0.000000
611200.982074 2488233.361344 0.000000
611196.038420 2488234.093738 0.000000
611191.094765 2488234.826132 0.000000
611186.151111 2488235.558526 0.000000
611181.207456 2488236.290920 0.000000
611176.263802 2488237.023314 0.000000
611171.320147 2488237.755708 0.000000
611166.376493 2488238.488102 0.000000
611161.432838 2488239.220496 0.000000
611156.489184 2488239.952890 0.000000
611151.545529 2488240.685284 0.000000
611146.601875 2488241.417678 0.000000
611141.658220 2488242.150072 0.000000
611136.714566 2488242.882466 0.000000
611131.770911 2488243.614860 0.000000
611126.827257 2488244.347254 0.000000
611121.883602 2488245.079649 0.000000
611116.939948 2488245.812043 0.000000
611111.996293 2488246.544437 0.000000
611107.052639 2488247.276831 0.000000
611102.108984 2488248.009225 0.000000
611097.165330 2488248.741619 0.000000
611092.221675 2488249.474013 0.000000
611087.278021 2488250.206407 0.000000
611082.334366 2488250.938801 0.000000
611077.390711 2488251.671195 0.000000
611072.447057 2488252.403589 0.000000
611067.503402 2488253.135983 0.000000
611062.559748 2488253.868377 0.000000
611057.616093 2488254.600771 0.000000
611052.672439 2488255.333165 0.000000
611047.728784 2488256.065559 0.000000
611042.785130 2488256.797953 0.000000
611037.841475 2488257.530347 0.000000
611032.897821 2488258.262741 0.000000
611027.954166 2488258.995135 0.000000
611023.010512 2488259.727529 0.000000
611018.032741 2488260.194196 0.000000
611013.054971 2488260.660863 0.000000
611008.077201 2488261.127529 0.000000
611003.099430 2488261.594196 0.000000
610998.121660 2488262.060863 0.000000
610993.143890 2488262.527530 0.000000
610988.166120 2488262.994196 0.000000
610983.188349 2488263.460863 0.000000
610978.210579 2488263.927530 0.000000
610973.232809 2488264.394197 0.000000
610968.255038 2488264.860863 0.000000
610963.277268 2488265.327530 0.000000
610958.299498 2488265.794197 0.000000
610953.321727 2488266.260863 0.000000
610948.343957 2488266.727530 0.000000
610943.366187 2488267.194197 0.000000
610938.388416 2488267.660864 0.000000
610933.410646 2488268.127530 0.000000
610928.432876 2488268.594197 0.000000
610923.455105 2488269.060864 0.000000
610918.477335 2488269.527531 0.000000
610913.499565 2488269.994197 0.000000
610908.521794 2488270.460864 0.000000
610903.544024 2488270.927531 0.000000
610898.566254 2488271.394198 0.000000
610893.588484 2488271.860864 0.000000
610888.610713 2488272.327531 0.000000
610883.632943 2488272.794198 0.000000
610878.655173 2488273.260865 0.000000
610873.677402 2488273.727531 0.000000
610868.699632 2488274.194198 0.000000
610863.721862 2488274.660865 0.000000
610858.744091 2488275.127531 0.000000
610853.766321 2488275.594198 0.000000
610848.788551 2488276.060865 0.000000
610843.810780 2488276.527532 0.000000
610838.833010 2488276.994198 0.000000
610833.855240 2488277.460865 0.000000
610828.877469 2488277.927532 0.000000
610823.899699 2488278.394199 0.000000
610818.921929 2488278.860865 0.000000
610813.944158 2488279.327532 0.000000
610808.966388 2488279.794199 0.000000
610803.988618 2488280.260866 0.000000
610799.010848 2488280.727532 0.000000
610794.058474 2488281.394199 0.000000
610789.106101 2488282.060865 0.000000
610784.153727 2488282.727532 0.000000
610779.201354 2488283.394198 0.000000
610774.248980 2488284.060864 0.000000
610769.296607 2488284.727531 0.000000
610764.344233 2488285.394197 0.000000
610759.391860 2488286.060864 0.000000
610754.439486 2488286.727530 0.000000
610749.487113 2488287.394197 0.000000
610744.534739 2488288.060863 0.000000
610739.582366 2488288.727529 0.000000
610734.629992 2488289.394196 0.000000
610729.677619 2488290.060862 0.000000
610724.725245 2488290.727529 0.000000
610719.772872 2488291.394195 0.000000
610714.820498 2488292.060862 0.000000
610709.868125 2488292.727528 0.000000
610704.915751 2488293.394194 0.000000
610699.963378 2488294.060861 0.000000
610695.011004 2488294.727527 0.000000
610690.058631 2488295.394194 0.000000
610685.106257 2488296.060860 0.000000
610680.153884 2488296.727527 0.000000
610675.201510 2488297.394193 0.000000
610670.249137 2488298.060859 0.000000
610665.296763 2488298.727526 0.000000
610660.344390 2488299.394192 0.000000
610655.392016 2488300.060859 0.000000
610650.439643 2488300.727525 0.000000
610645.487269 2488301.394192 0.000000
610640.534896 2488302.060858 0.000000
610635.582522 2488302.727524 0.000000
610630.630149 2488303.394191 0.000000
610625.677775 2488304.060857 0.000000
610620.725402 2488304.727524 0.000000
610615.773028 2488305.394190 0.000000
610610.820655 2488306.060857 0.000000
610605.868281 2488306.727523 0.000000
610600.915908 2488307.394189 0.000000
610595.963534 2488308.060856 0.000000
610591.011161 2488308.727522 0.000000
610586.011168 2488309.166547 0.000000
610581.011176 2488309.605571 0.000000
610576.011183 2488310.044596 0.000000
610571.011191 2488310.483620 0.000000
610566.011198 2488310.922645 0.000000
610561.011206 2488311.361669 0.000000
610556.011213 2488311.800694 0.000000
610551.011220 2488312.239718 0.000000
610546.011228 2488312.678743 0.000000
610541.011235 2488313.117767 0.000000
610536.011243 2488313.556792 0.000000
610531.011250 2488313.995816 0.000000
610526.011258 2488314.434841 0.000000
610521.011265 2488314.873865 0.000000
610516.011273 2488315.312890 0.000000
610511.011280 2488315.751914 0.000000
610506.011288 2488316.190939 0.000000
610501.011295 2488316.629963 0.000000
610496.011303 2488317.068988 0.000000
610491.011310 2488317.508012 0.000000
610486.011318 2488317.947037 0.000000
610481.011325 2488318.386061 0.000000
610476.011333 2488318.825086 0.000000
610471.011340 2488319.264110 0.000000
610466.011348 2488319.703135 0.000000
610461.011355 2488320.142159 0.000000
610456.011363 2488320.581184 0.000000
610451.011370 2488321.020208 0.000000
610446.011378 2488321.459233 0.000000
610441.011385 2488321.898257 0.000000
610436.011393 2488322.337282 0.000000
610431.011400 2488322.776306 0.000000
610426.011408 2488323.215331 0.000000
610421.011415 2488323.654355 0.000000
610416.011423 2488324.093380 0.000000
610411.011430 2488324.532404 0.000000
610406.011438 2488324.971429 0.000000
610401.011445 2488325.410453 0.000000
610396.011453 2488325.849478 0.000000
610391.011460 2488326.288502 0.000000
610386.011468 2488326.727527 0.000000
610381.011475 2488327.166551 0.000000
610376.011483 2488327.605576 0.000000
610371.011490 2488328.044600 0.000000
610366.011498 2488328.483625 0.000000
610361.011505 2488328.922649 0.000000
610356.011513 2488329.361674 0.000000
610351.011520 2488329.800698 0.000000
610346.011528 2488330.239723 0.000000
610341.011535 2488330.678747 0.000000
610336.011543 2488331.117772 0.000000
610331.011550 2488331.556796 0.000000
610326.011557 2488331.995821 0.000000
610321.011565 2488332.434845 0.000000
610316.011572 2488332.873870 0.000000
610311.011580 2488333.312894 0.000000
610306.011587 2488333.751919 0.000000
610301.011595 2488334.190943 0.000000
610296.011602 2488334.629968 0.000000
610291.011610 2488335.068992 0.000000
610286.011617 2488335.508017 0.000000
610281.011625 2488335.947041 0.000000
610276.011632 2488336.386066 0.000000
610271.011640 2488336.825090 0.000000
610266.011647 2488337.264115 0.000000
610261.011655 2488337.703139 0.000000
610256.011662 2488338.142164 0.000000
610251.011670 2488338.581188 0.000000
610246.011677 2488339.020213 0.000000
610241.011685 2488339.459237 0.000000
610236.011692 2488339.898262 0.000000
610231.011700 2488340.337286 0.000000
610226.011707 2488340.776311 0.000000
610221.011715 2488341.215335 0.000000
610216.011722 2488341.654360 0.000000
610211.011730 2488342.093384 0.000000
610206.011737 2488342.532409 0.000000
610201.011745 2488342.971433 0.000000
610196.011752 2488343.410458 0.000000
610191.011760 2488343.849482 0.000000
610186.011767 2488344.288507 0.000000
610181.011775 2488344.727531 0.000000
610176.060962 2488345.506219 0.000000
610171.110150 2488346.284907 0.000000
610166.159338 2488347.063596 0.000000
610161.208526 2488347.842284 0.000000
610156.257714 2488348.620972 0.000000
610151.306901 2488349.399660 0.000000
610146.356089 2488350.178348 0.000000
610141.405277 2488350.957036 0.000000
610136.454465 2488351.735724 0.000000
610131.503653 2488352.514412 0.000000
610126.552840 2488353.293100 0.000000
610121.602028 2488354.071789 0.000000
610116.651216 2488354.850477 0.000000
610111.700404 2488355.629165 0.000000
610106.749592 2488356.407853 0.000000
610101.798779 2488357.186541 0.000000
610096.847967 2488357.965229 0.000000
610091.897155 2488358.743917 0.000000
610086.946343 2488359.522605 0.000000
610081.995531 2488360.301294 0.000000
610077.044718 2488361.079982 0.000000
610072.093906 2488361.858670 0.000000
610067.143094 2488362.637358 0.000000
610062.192282 2488363.416046 0.000000
610057.241470 2488364.194734 0.000000
610052.290657 2488364.973422 0.000000
610047.339845 2488365.752110 0.000000
610042.389033 2488366.530798 0.000000
610037.438221 2488367.309487 0.000000
610032.487409 2488368.088175 0.000000
610027.536596 2488368.866863 0.000000
610022.585784 2488369.645551 0.000000
610017.634972 2488370.424239 0.000000
610012.684160 2488371.202927 0.000000
610007.733348 2488371.981615 0.000000
610002.782535 2488372.760303 0.000000
609997.831723 2488373.538991 0.000000
609992.880911 2488374.317680 0.000000
609987.930099 2488375.096368 0.000000
609982.979287 2488375.875056 0.000000
609978.028474 2488376.653744 0.000000
609973.077662 2488377.432432 0.000000
609968.126850 2488378.211120 0.000000
609963.176038 2488378.989808 0.000000
609958.225225 2488379.768496 0.000000
609953.274413 2488380.547185 0.000000
609948.323601 2488381.325873 0.000000
609943.372789 2488382.104561 0.000000
609938.421977 2488382.883249 0.000000
609933.471164 2488383.661937 0.000000
609928.520352 2488384.440625 0.000000
609923.569540 2488385.219313 0.000000
609918.618728 2488385.998001 0.000000
609913.667916 2488386.776689 0.000000
609908.717103 2488387.555378 0.000000
609903.766291 2488388.334066 0.000000
609898.815479 2488389.112754 0.000000
609893.864667 2488389.891442 0.000000
609888.913855 2488390.670130 0.000000
609883.963042 2488391.448818 0.000000
609879.012230 2488392.227506 0.000000
609874.061418 2488393.006194 0.000000
609869.110606 2488393.784882 0.000000
609864.159794 2488394.563571 0.000000
609859.208981 2488395.342259 0.000000
609854.258169 2488396.120947 0.000000
609849.307357 2488396.899635 0.000000
609844.356545 2488397.678323 0.000000
609839.405733 2488398.457011 0.000000
609834.454920 2488399.235699 0.000000
609829.504108 2488400.014387 0.000000
609824.553296 2488400.793075 0.000000
609819.602484 2488401.571764 0.000000
609814.651672 2488402.350452 0.000000
609809.700859 2488403.129140 0.000000
609804.750047 2488403.907828 0.000000
609799.799235 2488404.686516 0.000000
609794.848423 2488405.465204 0.000000
609789.897611 2488406.243892 0.000000
609784.946798 2488407.022580 0.000000
609779.995986 2488407.801269 0.000000
609775.045174 2488408.579957 0.000000
609770.094362 2488409.358645 0.000000
609765.143550 2488410.137333 0.000000
609760.192737 2488410.916021 0.000000
609755.241925 2488411.694709 0.000000
609750.291113 2488412.473397 0.000000
609745.340301 2488413.252085 0.000000
609740.389488 2488414.030773 0.000000
609735.438676 2488414.809462 0.000000
609730.487864 2488415.588150 0.000000
609725.537052 2488416.366838 0.000000
609720.586240 2488417.145526 0.000000
609715.635427 2488417.924214 0.000000
609710.684615 2488418.702902 0.000000
609705.733803 2488419.481590 0.000000
609700.782991 2488420.260278 0.000000
609695.832179 2488421.038966 0.000000
609690.881366 2488421.817655 0.000000
609685.930554 2488422.596343 0.000000
609680.979742 2488423.375031 0.000000
609676.028930 2488424.153719 0.000000
609671.078118 2488424.932407 0.000000
609666.127305 2488425.711095 0.000000
609661.176493 2488426.489783 0.000000
609656.225681 2488427.268471 0.000000
609651.274869 2488428.047160 0.000000
609646.324057 2488428.825848 0.000000
609641.373244 2488429.604536 0.000000
609636.422432 2488430.383224 0.000000
609631.471620 2488431.161912 0.000000
609626.520808 2488431.940600 0.000000
609621.569996 2488432.719288 0.000000
609616.619183 2488433.497976 0.000000
609611.668371 2488434.276664 0.000000
609606.717559 2488435.055353 0.000000
609601.766747 2488435.834041 0.000000
609596.815935 2488436.612729 0.000000
609591.865122 2488437.391417 0.000000
609586.914310 2488438.170105 0.000000
609581.963498 2488438.948793 0.000000
609577.012686 2488439.727481 0.000000
609572.088780 2488440.705741 0.000000
609567.164875 2488441.684002 0.000000
609562.240969 2488442.662262 0.000000
609557.317063 2488443.640522 0.000000
609552.393158 2488444.618782 0.000000
609547.469252 2488445.597042 0.000000
609542.545347 2488446.575302 0.000000
609537.621441 2488447.553562 0.000000
609532.697535 2488448.531823 0.000000
609527.773630 2488449.510083 0.000000
609522.849724 2488450.488343 0.000000
609517.925819 2488451.466603 0.000000
609513.001913 2488452.444863 0.000000
609508.078008 2488453.423123 0.000000
609503.154102 2488454.401384 0.000000
609498.230196 2488455.379644 0.000000
609493.306291 2488456.357904 0.000000
609488.382385 2488457.336164 0.000000
609483.458480 2488458.314424 0.000000
609478.534574 2488459.292684 0.000000
609473.610668 2488460.270944 0.000000
609468.686763 2488461.249205 0.000000
609463.762857 2488462.227465 0.000000
609458.838952 2488463.205725 0.000000
609453.915046 2488464.183985 0.000000
609448.991140 2488465.162245 0.000000
609444.067235 2488466.140505 0.000000
609439.143329 2488467.118766 0.000000
609434.219424 2488468.097026 0.000000
609429.295518 2488469.075286 0.000000
609424.371613 2488470.053546 0.000000
609419.447707 2488471.031806 0.000000
609414.523801 2488472.010066 0.000000
609409.599896 2488472.988326 0.000000
609404.675990 2488473.966587 0.000000
609399.752085 2488474.944847 0.000000
609394.828179 2488475.923107 0.000000
609389.904273 2488476.901367 0.000000
609384.980368 2488477.879627 0.000000
609380.056462 2488478.857887 0.000000
609375.132557 2488479.836148 0.000000
609370.208651 2488480.814408 0.000000
609365.284746 2488481.792668 0.000000
609360.360840 2488482.770928 0.000000
609355.436934 2488483.749188 0.000000
609350.513029 2488484.727448 0.000000
609345.589123 2488485.705708 0.000000
609340.665218 2488486.683969 0.000000
609335.741312 2488487.662229 0.000000
609330.817406 2488488.640489 0.000000
609325.893501 2488489.618749 0.000000
609320.969595 2488490.597009 0.000000
609316.045690 2488491.575269 0.000000
609311.121784 2488492.553530 0.000000
609306.197878 2488493.531790 0.000000
609301.273973 2488494.510050 0.000000
609296.350067 2488495.488310 0.000000
609291.426162 2488496.466570 0.000000
609286.502256 2488497.444830 0.000000
609281.578351 2488498.423090 0.000000
609276.654445 2488499.401351 0.000000
609271.730539 2488500.379611 0.000000
609266.806634 2488501.357871 0.000000
609261.882728 2488502.336131 0.000000
609256.958823 2488503.314391 0.000000
609252.034917 2488504.292651 0.000000
609247.111011 2488505.270912 0.000000
609242.187106 2488506.249172 0.000000
609237.263200 2488507.227432 0.000000
609232.339295 2488508.205692 0.000000
609227.415389 2488509.183952 0.000000
609222.491484 2488510.162212 0.000000
609217.567578 2488511.140472 0.000000
609212.643672 2488512.118733 0.000000
609207.719767 2488513.096993 0.000000
609202.795861 2488514.075253 0.000000
609197.871956 2488515.053513 0.000000
609192.948050 2488516.031773 0.000000
609188.024144 2488517.010033 0.000000
609183.100239 2488517.988294 0.000000
609178.176333 2488518.966554 0.000000
609173.252428 2488519.944814 0.000000
609168.328522 2488520.923074 0.000000
609163.404616 2488521.901334 0.000000
609158.480711 2488522.879594 0.000000
609153.556805 2488523.857854 0.000000
609148.632900 2488524.836115 0.000000
609143.708994 2488525.814375 0.000000
609138.785089 2488526.792635 0.000000
609133.861183 2488527.770895 0.000000
609128.937277 2488528.749155 0.000000
609124.013372 2488529.727415 0.000000
609119.055485 2488530.485310 0.000000
609114.097597 2488531.243204 0.000000
609109.139710 2488532.001098 0.000000
609104.181823 2488532.758993 0.000000
609099.223935 2488533.516887 0.000000
609094.266048 2488534.274782 0.000000
609089.308161 2488535.032676 0.000000
609084.350274 2488535.790570 0.000000
609079.392386 2488536.548465 0.000000
609074.434499 2488537.306359 0.000000
609069.476612 2488538.064253 0.000000
609064.518725 2488538.822148 0.000000
609059.560837 2488539.580042 0.000000
609054.602950 2488540.337936 0.000000
609049.645063 2488541.095831 0.000000
609044.687176 2488541.853725 0.000000
609039.729288 2488542.611619 0.000000
609034.771401 2488543.369514 0.000000
609029.813514 2488544.127408 0.000000
609024.855627 2488544.885302 0.000000
609019.897739 2488545.643197 0.000000
609014.939852 2488546.401091 0.000000
609009.981965 2488547.158986 0.000000
609005.024077 2488547.916880 0.000000
609000.066190 2488548.674774 0.000000
608995.108303 2488549.432669 0.000000
608990.150416 2488550.190563 0.000000
608985.192528 2488550.948457 0.000000
608980.234641 2488551.706352 0.000000
608975.276754 2488552.464246 0.000000
608970.318867 2488553.222140 0.000000
608965.360979 2488553.980035 0.000000
608960.403092 2488554.737929 0.000000
608955.445205 2488555.495823 0.000000
608950.487318 2488556.253718 0.000000
608945.529430 2488557.011612 0.000000
608940.571543 2488557.769506 0.000000
608935.613656 2488558.527401 0.000000
608930.655768 2488559.285295 0.000000
608925.697881 2488560.043190 0.000000
608920.739994 2488560.801084 0.000000
608915.782107 2488561.558978 0.000000
608910.824219 2488562.316873 0.000000
608905.866332 2488563.074767 0.000000
608900.908445 2488563.832661 0.000000
608895.950558 2488564.590556 0.000000
608890.992670 2488565.348450 0.000000
608886.034783 2488566.106344 0.000000
608881.076896 2488566.864239 0.000000
608876.119009 2488567.622133 0.000000
608871.161121 2488568.380027 0.000000
608866.203234 2488569.137922 0.000000
608861.245347 2488569.895816 0.000000
608856.287460 2488570.653710 0.000000
608851.329572 2488571.411605 0.000000
608846.371685 2488572.169499 0.000000
608841.413798 2488572.927393 0.000000
608836.455910 2488573.685288 0.000000
608831.498023 2488574.443182 0.000000
608826.540136 2488575.201077 0.000000
608821.582249 2488575.958971 0.000000
608816.624361 2488576.716865 0.000000
608811.666474 2488577.474760 0.000000
608806.708587 2488578.232654 0.000000
608801.750700 2488578.990548 0.000000
608796.792812 2488579.748443 0.000000
608791.834925 2488580.506337 0.000000
608786.877038 2488581.264231 0.000000
608781.919151 2488582.022126 0.000000
608776.961263 2488582.780020 0.000000
608772.003376 2488583.537914 0.000000
608767.045489 2488584.295809 0.000000
608762.087602 2488585.053703 0.000000
608757.129714 2488585.811597 0.000000
608752.171827 2488586.569492 0.000000
608747.213940 2488587.327386 0.000000
608742.256052 2488588.085281 0.000000
608737.298165 2488588.843175 0.000000
608732.340278 2488589.601069 0.000000
608727.382391 2488590.358964 0.000000
608722.424503 2488591.116858 0.000000
608717.466616 2488591.874752 0.000000
608712.508729 2488592.632647 0.000000
608707.550842 2488593.390541 0.000000
608702.592954 2488594.148435 0.000000
608697.635067 2488594.906330 0.000000
608692.677180 2488595.664224 0.000000
608687.719293 2488596.422118 0.000000
608682.761405 2488597.180013 0.000000
608677.803518 2488597.937907 0.000000
608672.845631 2488598.695801 0.000000
608667.887744 2488599.453696 0.000000
608662.929856 2488600.211590 0.000000
608657.971969 2488600.969485 0.000000
608653.014082 2488601.727379 0.000000
608648.085518 2488602.670235 0.000000
608643.156954 2488603.613092 0.000000
608638.228390 2488604.555948 0.000000
608633.299826 2488605.498805 0.000000
608628.371262 2488606.441661 0.000000
608623.442698 2488607.384518 0.000000
608618.514134 2488608.327374 0.000000
608613.585570 2488609.270231 0.000000
608608.657006 2488610.213087 0.000000
608603.728442 2488611.155944 0.000000
608598.799878 2488612.098800 0.000000
608593.871314 2488613.041657 0.000000
608588.942750 2488613.984513 0.000000
608584.014186 2488614.927370 0.000000
608579.085622 2488615.870226 0.000000
608574.157058 2488616.813082 0.000000
608569.228494 2488617.755939 0.000000
608564.299930 2488618.698795 0.000000
608559.371366 2488619.641652 0.000000
608554.442802 2488620.584508 0.000000
608549.514238 2488621.527365 0.000000
608544.585674 2488622.470221 0.000000
608539.657110 2488623.413078 0.000000
608534.728546 2488624.355934 0.000000
608529.799982 2488625.298791 0.000000
608524.871418 2488626.241647 0.000000
608519.942855 2488627.184504 0.000000
608515.014291 2488628.127360 0.000000
608510.085727 2488629.070217 0.000000
608505.157163 2488630.013073 0.000000
608500.228599 2488630.955930 0.000000
608495.300035 2488631.898786 0.000000
608490.371471 2488632.841643 0.000000
608485.442907 2488633.784499 0.000000
608480.514343 2488634.727356 0.000000
608475.585779 2488635.670212 0.000000
608470.657215 2488636.613068 0.000000
608465.728651 2488637.555925 0.000000
608460.800087 2488638.498781 0.000000
608455.871523 2488639.441638 0.000000
608450.942959 2488640.384494 0.000000
608446.014395 2488641.327351 0.000000
608441.085831 2488642.270207 0.000000
608436.157267 2488643.213064 0.000000
608431.228703 2488644.155920 0.000000
608426.300139 2488645.098777 0.000000
608421.371575 2488646.041633 0.000000
608416.443011 2488646.984490 0.000000
608411.514447 2488647.927346 0.000000
608406.585883 2488648.870203 0.000000
608401.657319 2488649.813059 0.000000
608396.728755 2488650.755916 0.000000
608391.800191 2488651.698772 0.000000
608386.871627 2488652.641629 0.000000
608381.943063 2488653.584485 0.000000
608377.014499 2488654.527341 0.000000
608372.085935 2488655.470198 0.000000
608367.157371 2488656.413054 0.000000
608362.228807 2488657.355911 0.000000
608357.300243 2488658.298767 0.000000
608352.371679 2488659.241624 0.000000
608347.443116 2488660.184480 0.000000
608342.514552 2488661.127337 0.000000
608337.585988 2488662.070193 0.000000
608332.657424 2488663.013050 0.000000
608327.728860 2488663.955906 0.000000
608322.800296 2488664.898763 0.000000
608317.871732 2488665.841619 0.000000
608312.943168 2488666.784476 0.000000
608308.014604 2488667.727332 0.000000
608303.072373 2488668.483048 0.000000
608298.130142 2488669.238763 0.000000
608293.187911 2488669.994479 0.000000
608288.245680 2488670.750195 0.000000
608283.303450 2488671.505910 0.000000
608278.361219 2488672.261626 0.000000
608273.418988 2488673.017341 0.000000
608268.476757 2488673.773057 0.000000
608263.534526 2488674.528773 0.000000
608258.592296 2488675.284488 0.000000
608253.650065 2488676.040204 0.000000
608248.707834 2488676.795919 0.000000
608243.765603 2488677.551635 0.000000
608238.823372 2488678.307351 0.000000
608233.881141 2488679.063066 0.000000
608228.938911 2488679.818782 0.000000
608223.996680 2488680.574497 0.000000
608219.054449 2488681.330213 0.000000
608214.112218 2488682.085929 0.000000
608209.169987 2488682.841644 0.000000
608204.227756 2488683.597360 0.000000
608199.285526 2488684.353075 0.000000
608194.343295 2488685.108791 0.000000
608189.401064 2488685.864507 0.000000
608184.458833 2488686.620222 0.000000
608179.516602 2488687.375938 0.000000
608174.574372 2488688.131653 0.000000
608169.632141 2488688.887369 0.000000
608164.689910 2488689.643085 0.000000
608159.747679 2488690.398800 0.000000
608154.805448 2488691.154516 0.000000
608149.863217 2488691.910231 0.000000
608144.920987 2488692.665947 0.000000
608139.978756 2488693.421663 0.000000
608135.036525 2488694.177378 0.000000
608130.094294 2488694.933094 0.000000
608125.152063 2488695.688809 0.000000
608120.209833 2488696.444525 0.000000
608115.267602 2488697.200241 0.000000
608110.325371 2488697.955956 0.000000
608105.383140 2488698.711672 0.000000
608100.440909 2488699.467387 0.000000
608095.498678 2488700.223103 0.000000
608090.556448 2488700.978819 0.000000
608085.614217 2488701.734534 0.000000
608080.671986 2488702.490250 0.000000
608075.729755 2488703.245965 0.000000
608070.787524 2488704.001681 0.000000
608065.845293 2488704.757397 0.000000
608060.903063 2488705.513112 0.000000
608055.960832 2488706.268828 0.000000
608051.018601 2488707.024544 0.000000
608046.076370 2488707.780259 0.000000
608041.134139 2488708.535975 0.000000
608036.191909 2488709.291690 0.000000
608031.249678 2488710.047406 0.000000
608026.307447 2488710.803122 0.000000
608021.365216 2488711.558837 0.000000
608016.422985 2488712.314553 0.000000
608011.480754 2488713.070268 0.000000
608006.538524 2488713.825984 0.000000
608001.596293 2488714.581700 0.000000
607996.654062 2488715.337415 0.000000
607991.711831 2488716.093131 0.000000
607986.769600 2488716.848846 0.000000
607981.827370 2488717.604562 0.000000
607976.885139 2488718.360278 0.000000
607971.942908 2488719.115993 0.000000
607967.000677 2488719.871709 0.000000
607962.058446 2488720.627424 0.000000
607957.116215 2488721.383140 0.000000
607952.173985 2488722.138856 0.000000
607947.231754 2488722.894571 0.000000
607942.289523 2488723.650287 0.000000
607937.347292 2488724.406002 0.000000
607932.405061 2488725.161718 0.000000
607927.462830 2488725.917434 0.000000
607922.520600 2488726.673149 0.000000
607917.578369 2488727.428865 0.000000
607912.636138 2488728.184580 0.000000
607907.693907 2488728.940296 0.000000
607902.751676 2488729.696012 0.000000
607897.809446 2488730.451727 0.000000
607892.867215 2488731.207443 0.000000
607887.924984 2488731.963158 0.000000
607882.982753 2488732.718874 0.000000
607878.040522 2488733.474590 0.000000
607873.098291 2488734.230305 0.000000
607868.156061 2488734.986021 0.000000
607863.213830 2488735.741736 0.000000
607858.271599 2488736.497452 0.000000
607853.329368 2488737.253168 0.000000
607848.387137 2488738.008883 0.000000
607843.444907 2488738.764599 0.000000
607838.502676 2488739.520314 0.000000
607833.560445 2488740.276030 0.000000
607828.618214 2488741.031746 0.000000
607823.675983 2488741.787461 0.000000
607818.733752 2488742.543177 0.000000
607813.791522 2488743.298892 0.000000
607808.849291 2488744.054608 0.000000
607803.907060 2488744.810324 0.000000
607798.964829 2488745.566039 0.000000
607794.022598 2488746.321755 0.000000
607789.080367 2488747.077470 0.000000
607784.138137 2488747.833186 0.000000
607779.195906 2488748.588902 0.000000
607774.253675 2488749.344617 0.000000
607769.311444 2488750.100333 0.000000
607764.369213 2488750.856048 0.000000
607759.426983 2488751.611764 0.000000
607754.484752 2488752.367480 0.000000
607749.542521 2488753.123195 0.000000
607744.600290 2488753.878911 0.000000
607739.658059 2488754.634627 0.000000
607734.715828 2488755.390342 0.000000
607729.773598 2488756.146058 0.000000
607724.831367 2488756.901773 0.000000
607719.889136 2488757.657489 0.000000
607714.946905 2488758.413205 0.000000
607710.004674 2488759.168920 0.000000
607705.062444 2488759.924636 0.000000
607700.120213 2488760.680351 0.000000
607695.177982 2488761.436067 0.000000
607690.235751 2488762.191783 0.000000
607685.293520 2488762.947498 0.000000
607680.351289 2488763.703214 0.000000
607675.409059 2488764.458929 0.000000
607670.466828 2488765.214645 0.000000
607665.524597 2488765.970361 0.000000
607660.582366 2488766.726076 0.000000
607655.640135 2488767.481792 0.000000
607650.697904 2488768.237507 0.000000
607645.755674 2488768.993223 0.000000
607640.813443 2488769.748939 0.000000
607635.871212 2488770.504654 0.000000
607630.928981 2488771.260370 0.000000
607625.986750 2488772.016085 0.000000
607621.044520 2488772.771801 0.000000
607616.102289 2488773.527517 0.000000
607611.160058 2488774.283232 0.000000
607606.217827 2488775.038948 0.000000
607601.275596 2488775.794663 0.000000
607596.333365 2488776.550379 0.000000
607591.391135 2488777.306095 0.000000
607586.448904 2488778.061810 0.000000
607581.506673 2488778.817526 0.000000
607576.564442 2488779.573241 0.000000
607571.622211 2488780.328957 0.000000
607566.679981 2488781.084673 0.000000
607561.737750 2488781.840388 0.000000
607556.795519 2488782.596104 0.000000
607551.853288 2488783.351819 0.000000
607546.911057 2488784.107535 0.000000
607541.968826 2488784.863251 0.000000
607537.026596 2488785.618966 0.000000
607532.084365 2488786.374682 0.000000
607527.142134 2488787.130397 0.000000
607522.199903 2488787.886113 0.000000
607517.257672 2488788.641829 0.000000
607512.315441 2488789.397544 0.000000
607507.373211 2488790.153260 0.000000
607502.430980 2488790.908975 0.000000
607497.488749 2488791.664691 0.000000
607492.546518 2488792.420407 0.000000
607487.604287 2488793.176122 0.000000
607482.662057 2488793.931838 0.000000
607477.719826 2488794.687553 0.000000
607472.777595 2488795.443269 0.000000
607467.835364 2488796.198985 0.000000
607462.893133 2488796.954700 0.000000
607457.950902 2488797.710416 0.000000
607453.008672 2488798.466131 0.000000
607448.066441 2488799.221847 0.000000
607443.124210 2488799.977563 0.000000
607438.181979 2488800.733278 0.000000
607433.239748 2488801.488994 0.000000
607428.297518 2488802.244710 0.000000
607423.355287 2488803.000425 0.000000
607418.413056 2488803.756141 0.000000
607413.470825 2488804.511856 0.000000
607408.528594 2488805.267572 0.000000
607403.586363 2488806.023288 0.000000
607398.644133 2488806.779003 0.000000
607393.701902 2488807.534719 0.000000
607388.759671 2488808.290434 0.000000
607383.817440 2488809.046150 0.000000
607378.875209 2488809.801866 0.000000
607373.932978 2488810.557581 0.000000
607368.990748 2488811.313297 0.000000
607364.048517 2488812.069012 0.000000
607359.106286 2488812.824728 0.000000
607354.164055 2488813.580444 0.000000
607349.221824 2488814.336159 0.000000
607344.279594 2488815.091875 0.000000
607339.337363 2488815.847590 0.000000
607334.395132 2488816.603306 0.000000
607329.452901 2488817.359022 0.000000
607324.510670 2488818.114737 0.000000
607319.568439 2488818.870453 0.000000
607314.626209 2488819.626168 0.000000
607309.683978 2488820.381884 0.000000
607304.741747 2488821.137600 0.000000
607299.799516 2488821.893315 0.000000
607294.857285 2488822.649031 0.000000
607289.915055 2488823.404746 0.000000
607284.972824 2488824.160462 0.000000
607280.030593 2488824.916178 0.000000
607275.088362 2488825.671893 0.000000
607270.146131 2488826.427609 0.000000
607265.203900 2488827.183324 0.000000
607260.261670 2488827.939040 0.000000
607255.319439 2488828.694756 0.000000
607250.377208 2488829.450471 0.000000
607245.434977 2488830.206187 0.000000
607240.492746 2488830.961902 0.000000
607235.550515 2488831.717618 0.000000
607230.608285 2488832.473334 0.000000
607225.666054 2488833.229049 0.000000
607220.723823 2488833.984765 0.000000
607215.781592 2488834.740480 0.000000
607210.839361 2488835.496196 0.000000
607205.897131 2488836.251912 0.000000
607200.954900 2488837.007627 0.000000
607196.012669 2488837.763343 0.000000
607191.070438 2488838.519058 0.000000
607186.128207 2488839.274774 0.000000
607181.185976 2488840.030490 0.000000
607176.243746 2488840.786205 0.000000
607171.301515 2488841.541921 0.000000
607166.359284 2488842.297636 0.000000
607161.417053 2488843.053352 0.000000
607156.474822 2488843.809068 0.000000
607151.532592 2488844.564783 0.000000
607146.590361 2488845.320499 0.000000
607141.648130 2488846.076214 0.000000
607136.705899 2488846.831930 0.000000
607131.763668 2488847.587646 0.000000
607126.821437 2488848.343361 0.000000
607121.879207 2488849.099077 0.000000
607116.936976 2488849.854793 0.000000
607111.994745 2488850.610508 0.000000
607107.052514 2488851.366224 0.000000
607102.110283 2488852.121939 0.000000
607097.168052 2488852.877655 0.000000
607092.225822 2488853.633371 0.000000
607087.283591 2488854.389086 0.000000
607082.341360 2488855.144802 0.000000
607077.399129 2488855.900517 0.000000
607072.456898 2488856.656233 0.000000
607067.514668 2488857.411949 0.000000
607062.572437 2488858.167664 0.000000
607057.630206 2488858.923380 0.000000
607052.687975 2488859.679095 0.000000
607047.745744 2488860.434811 0.000000
607042.803513 2488861.190527 0.000000
607037.861283 2488861.946242 0.000000
607032.919052 2488862.701958 0.000000
607027.976821 2488863.457673 0.000000
607023.034590 2488864.213389 0.000000
607018.092359 2488864.969105 0.000000
607013.150129 2488865.724820 0.000000
607008.207898 2488866.480536 0.000000
607003.265667 2488867.236251 0.000000
606998.323436 2488867.991967 0.000000
606993.381205 2488868.747683 0.000000
606988.438974 2488869.503398 0.000000
606983.496744 2488870.259114 0.000000
606978.554513 2488871.014829 0.000000
606973.612282 2488871.770545 0.000000
606968.670051 2488872.526261 0.000000
606963.727820 2488873.281976 0.000000
606958.785589 2488874.037692 0.000000
606953.843359 2488874.793407 0.000000
606948.901128 2488875.549123 0.000000
606943.958897 2488876.304839 0.000000
606939.016666 2488877.060554 0.000000
606934.074435 2488877.816270 0.000000
606929.132205 2488878.571985 0.000000
606924.189974 2488879.327701 0.000000
606919.247743 2488880.083417 0.000000
606914.305512 2488880.839132 0.000000
606909.363281 2488881.594848 0.000000
606904.421050 2488882.350563 0.000000
606899.478820 2488883.106279 0.000000
606894.536589 2488883.861995 0.000000
606889.594358 2488884.617710 0.000000
606884.652127 2488885.373426 0.000000
606879.709896 2488886.129141 0.000000
606874.767666 2488886.884857 0.000000
606869.825435 2488887.640573 0.000000
606864.883204 2488888.396288 0.000000
606859.940973 2488889.152004 0.000000
606854.998742 2488889.907719 0.000000
606850.056511 2488890.663435 0.000000
606845.114281 2488891.419151 0.000000
606840.172050 2488892.174866 0.000000
606835.229819 2488892.930582 0.000000
606830.287588 2488893.686297 0.000000
606825.345357 2488894.442013 0.000000
606820.403126 2488895.197729 0.000000
606815.460896 2488895.953444 0.000000
606810.518665 2488896.709160 0.000000
606805.576434 2488897.464876 0.000000
606800.634203 2488898.220591 0.000000
606795.691972 2488898.976307 0.000000
606790.749742 2488899.732022 0.000000
606785.807511 2488900.487738 0.000000
606780.865280 2488901.243454 0.000000
606775.923049 2488901.999169 0.000000
606770.980818 2488902.754885 0.000000
606766.038587 2488903.510600 0.000000
606761.096357 2488904.266316 0.000000
606756.154126 2488905.022032 0.000000
606751.211895 2488905.777747 0.000000
606746.269664 2488906.533463 0.000000
606741.327433 2488907.289178 0.000000
606736.385203 2488908.044894 0.000000
606731.442972 2488908.800610 0.000000
606726.500741 2488909.556325 0.000000
606721.558510 2488910.312041 0.000000
606716.616279 2488911.067756 0.000000
606711.674048 2488911.823472 0.000000
606706.731818 2488912.579188 0.000000
606701.789587 2488913.334903 0.000000
606696.847356 2488914.090619 0.000000
606691.905125 2488914.846334 0.000000
606686.962894 2488915.602050 0.000000
606682.020663 2488916.357766 0.000000
606677.078433 2488917.113481 0.000000
606672.136202 2488917.869197 0.000000
606667.193971 2488918.624912 0.000000
606662.251740 2488919.380628 0.000000
606657.309509 2488920.136344 0.000000
606652.367279 2488920.892059 0.000000
606647.425048 2488921.647775 0.000000
606642.482817 2488922.403490 0.000000
606637.540586 2488923.159206 0.000000
606632.598355 2488923.914922 0.000000
606627.656124 2488924.670637 0.000000
606622.713894 2488925.426353 0.000000
606617.771663 2488926.182068 0.000000
606612.829432 2488926.937784 0.000000
606607.887201 2488927.693500 0.000000
606602.944970 2488928.449215 0.000000
606598.002740 2488929.204931 0.000000
606593.060509 2488929.960646 0.000000
606588.118278 2488930.716362 0.000000
606583.176047 2488931.472078 0.000000
606578.233816 2488932.227793 0.000000
606573.291585 2488932.983509 0.000000
606568.349355 2488933.739224 0.000000
606563.407124 2488934.494940 0.000000
606558.464893 2488935.250656 0.000000
606553.522662 2488936.006371 0.000000
606548.580431 2488936.762087 0.000000
606543.638200 2488937.517802 0.000000
606538.695970 2488938.273518 0.000000
606533.753739 2488939.029234 0.000000
606528.811508 2488939.784949 0.000000
606523.869277 2488940.540665 0.000000
606518.927046 2488941.296380 0.000000
606513.984816 2488942.052096 0.000000
606509.042585 2488942.807812 0.000000
606504.100354 2488943.563527 0.000000
606499.158123 2488944.319243 0.000000
606494.215892 2488945.074959 0.000000
606489.273661 2488945.830674 0.000000
606484.331431 2488946.586390 0.000000
606479.389200 2488947.342105 0.000000
606474.446969 2488948.097821 0.000000
606469.504738 2488948.853537 0.000000
606464.562507 2488949.609252 0.000000
606459.620277 2488950.364968 0.000000
606454.678046 2488951.120683 0.000000
606449.735815 2488951.876399 0.000000
606444.793584 2488952.632115 0.000000
606439.851353 2488953.387830 0.000000
606434.909122 2488954.143546 0.000000
606429.966892 2488954.899261 0.000000
606425.024661 2488955.654977 0.000000
606420.082430 2488956.410693 0.000000
606415.140199 2488957.166408 0.000000
606410.197968 2488957.922124 0.000000
606405.255737 2488958.677839 0.000000
606400.313507 2488959.433555 0.000000
606395.371276 2488960.189271 0.000000
606390.429045 2488960.944986 0.000000
606385.486814 2488961.700702 0.000000
606380.544583 2488962.456417 0.000000
606375.602353 2488963.212133 0.000000
606370.660122 2488963.967849 0.000000
606365.717891 2488964.723564 0.000000
606360.775660 2488965.479280 0.000000
606355.833429 2488966.234995 0.000000
606350.891198 2488966.990711 0.000000
606345.948968 2488967.746427 0.000000
606341.006737 2488968.502142 0.000000
606336.064506 2488969.257858 0.000000
606331.122275 2488970.013573 0.000000
606326.180044 2488970.769289 0.000000
606321.237814 2488971.525005 0.000000
606316.295583 2488972.280720 0.000000
606311.353352 2488973.036436 0.000000
606306.411121 2488973.792151 0.000000
606301.468890 2488974.547867 0.000000
606296.526659 2488975.303583 0.000000
606291.584429 2488976.059298 0.000000
606286.642198 2488976.815014 0.000000
606281.699967 2488977.570729 0.000000
606276.757736 2488978.326445 0.000000
606271.815505 2488979.082161 0.000000
606266.873274 2488979.837876 0.000000
606261.931044 2488980.593592 0.000000
606256.988813 2488981.349307 0.000000
606252.046582 2488982.105023 0.000000
606247.104351 2488982.860739 0.000000
606242.162120 2488983.616454 0.000000
606237.219890 2488984.372170 0.000000
606232.277659 2488985.127885 0.000000
606227.335428 2488985.883601 0.000000
606222.393197 2488986.639317 0.000000
606217.450966 2488987.395032 0.000000
606212.508735 2488988.150748 0.000000
606207.566505 2488988.906464 0.000000
606202.624274 2488989.662179 0.000000
606197.682043 2488990.417895 0.000000
606192.739812 2488991.173610 0.000000
606187.797581 2488991.929326 0.000000
606182.855351 2488992.685042 0.000000
606177.913120 2488993.440757 0.000000
606172.970889 2488994.196473 0.000000
606168.028658 2488994.952188 0.000000
606163.086427 2488995.707904 0.000000
606158.144196 2488996.463620 0.000000
606153.201966 2488997.219335 0.000000
606148.259735 2488997.975051 0.000000
606143.317504 2488998.730766 0.000000
606138.375273 2488999.486482 0.000000
606133.433042 2489000.242198 0.000000
606128.490811 2489000.997913 0.000000
606123.548581 2489001.753629 0.000000
606118.606350 2489002.509344 0.000000
606113.664119 2489003.265060 0.000000
606108.721888 2489004.020776 0.000000
606103.779657 2489004.776491 0.000000
606098.837427 2489005.532207 0.000000
606093.895196 2489006.287922 0.000000
606088.952965 2489007.043638 0.000000
606084.010734 2489007.799354 0.000000
606079.068503 2489008.555069 0.000000
606074.126272 2489009.310785 0.000000
606069.184042 2489010.066500 0.000000
606064.241811 2489010.822216 0.000000
606059.299580 2489011.577932 0.000000
606054.357349 2489012.333647 0.000000
606049.415118 2489013.089363 0.000000
606044.472888 2489013.845078 0.000000
606039.530657 2489014.600794 0.000000
606034.588426 2489015.356510 0.000000
606029.646195 2489016.112225 0.000000
606024.703964 2489016.867941 0.000000
606019.761733 2489017.623656 0.000000
606014.819503 2489018.379372 0.000000
606009.877272 2489019.135088 0.000000
606004.935041 2489019.890803 0.000000
605999.992810 2489020.646519 0.000000
605995.050579 2489021.402234 0.000000
605990.108348 2489022.157950 0.000000
605985.166118 2489022.913666 0.000000
605980.223887 2489023.669381 0.000000
605975.281656 2489024.425097 0.000000
605970.339425 2489025.180812 0.000000
605965.397194 2489025.936528 0.000000
605960.454964 2489026.692244 0.000000
605955.512733 2489027.447959 0.000000
605950.570502 2489028.203675 0.000000
605945.628271 2489028.959390 0.000000
605940.686040 2489029.715106 0.000000
605935.743809 2489030.470822 0.000000
605930.801579 2489031.226537 0.000000
605925.859348 2489031.982253 0.000000
605920.917117 2489032.737968 0.000000
605915.974886 2489033.493684 0.000000
605911.032655 2489034.249400 0.000000
605906.090425 2489035.005115 0.000000
605901.148194 2489035.760831 0.000000
605896.205963 2489036.516547 0.000000
605891.263732 2489037.272262 0.000000
605886.321501 2489038.027978 0.000000
605881.379270 2489038.783693 0.000000
605876.437040 2489039.539409 0.000000
605871.494809 2489040.295125 0.000000
605866.552578 2489041.050840 0.000000
605861.610347 2489041.806556 0.000000
605856.668116 2489042.562271 0.000000
605851.725885 2489043.317987 0.000000
605846.783655 2489044.073703 0.000000
605841.841424 2489044.829418 0.000000
605836.899193 2489045.585134 0.000000
605831.956962 2489046.340849 0.000000
605827.014731 2489047.096565 0.000000
605822.072501 2489047.852281 0.000000
605817.130270 2489048.607996 0.000000
605812.188039 2489049.363712 0.000000
605807.245808 2489050.119427 0.000000
605802.303577 2489050.875143 0.000000
605797.361346 2489051.630859 0.000000
605792.419116 2489052.386574 0.000000
605787.476885 2489053.142290 0.000000
605782.534654 2489053.898005 0.000000
605777.592423 2489054.653721 0.000000
605772.650192 2489055.409437 0.000000
605767.707962 2489056.165152 0.000000
605762.765731 2489056.920868 0.000000
605757.823500 2489057.676583 0.000000
605752.881269 2489058.432299 0.000000
605747.939038 2489059.188015 0.000000
605742.996807 2489059.943730 0.000000
605738.054577 2489060.699446 0.000000
605733.112346 2489061.455161 0.000000
605728.170115 2489062.210877 0.000000
605723.227884 2489062.966593 0.000000
605718.285653 2489063.722308 0.000000
605713.343422 2489064.478024 0.000000
605708.401192 2489065.233739 0.000000
605703.458961 2489065.989455 0.000000
605698.516730 2489066.745171 0.000000
605693.574499 2489067.500886 0.000000
605688.632268 2489068.256602 0.000000
605683.690038 2489069.012317 0.000000
605678.747807 2489069.768033 0.000000
605673.805576 2489070.523749 0.000000
605668.863345 2489071.279464 0.000000
605663.921114 2489072.035180 0.000000
605658.978883 2489072.790895 0.000000
605654.036653 2489073.546611 0.000000
605649.094422 2489074.302327 0.000000
605644.152191 2489075.058042 0.000000
605639.209960 2489075.813758 0.000000
605634.267729 2489076.569473 0.000000
605629.325499 2489077.325189 0.000000
605624.383268 2489078.080905 0.000000
605619.441037 2489078.836620 0.000000
605614.498806 2489079.592336 0.000000
605609.556575 2489080.348051 0.000000
605604.614344 2489081.103767 0.000000
605599.672114 2489081.859483 0.000000
605594.729883 2489082.615198 0.000000
605589.787652 2489083.370914 0.000000
605584.845421 2489084.126630 0.000000
605579.903190 2489084.882345 0.000000
605574.960959 2489085.638061 0.000000
605570.018729 2489086.393776 0.000000
605565.076498 2489087.149492 0.000000
605560.134267 2489087.905208 0.000000
605555.192036 2489088.660923 0.000000
605550.249805 2489089.416639 0.000000
605545.307575 2489090.172354 0.000000
605540.365344 2489090.928070 0.000000
605535.423113 2489091.683786 0.000000
605530.480882 2489092.439501 0.000000
605525.538651 2489093.195217 0.000000
605520.596420 2489093.950932 0.000000
605515.654190 2489094.706648 0.000000
605510.711959 2489095.462364 0.000000
605505.769728 2489096.218079 0.000000
605500.827497 2489096.973795 0.000000
605495.885266 2489097.729510 0.000000
605490.943036 2489098.485226 0.000000
605486.000805 2489099.240942 0.000000
605481.058574 2489099.996657 0.000000
605476.116343 2489100.752373 0.000000
605471.174112 2489101.508088 0.000000
605466.231881 2489102.263804 0.000000
605461.289651 2489103.019520 0.000000
605456.347420 2489103.775235 0.000000
605451.405189 2489104.530951 0.000000
605446.462958 2489105.286666 0.000000
605441.520727 2489106.042382 0.000000
605436.578496 2489106.798098 0.000000
605431.636266 2489107.553813 0.000000
605426.694035 2489108.309529 0.000000
605421.751804 2489109.065244 0.000000
605416.809573 2489109.820960 0.000000
605411.867342 2489110.576676 0.000000
605406.925112 2489111.332391 0.000000
605401.982881 2489112.088107 0.000000
605397.040650 2489112.843822 0.000000
605392.098419 2489113.599538 0.000000
605387.156188 2489114.355254 0.000000
605382.213957 2489115.110969 0.000000
605377.271727 2489115.866685 0.000000
605372.329496 2489116.622400 0.000000
605367.387265 2489117.378116 0.000000
605362.445034 2489118.133832 0.000000
605357.502803 2489118.889547 0.000000
605352.560573 2489119.645263 0.000000
605347.618342 2489120.400978 0.000000
605342.676111 2489121.156694 0.000000
605337.733880 2489121.912410 0.000000
605332.791649 2489122.668125 0.000000
605327.849418 2489123.423841 0.000000
605322.907188 2489124.179556 0.000000
605317.964957 2489124.935272 0.000000
605313.022726 2489125.690988 0.000000
605308.080495 2489126.446703 0.000000
605303.138264 2489127.202419 0.000000
605298.196033 2489127.958134 0.000000
605293.253803 2489128.713850 0.000000
605288.311572 2489129.469566 0.000000
605283.369341 2489130.225281 0.000000
605278.427110 2489130.980997 0.000000
605273.484879 2489131.736713 0.000000
605268.542649 2489132.492428 0.000000
605263.600418 2489133.248144 0.000000
605258.658187 2489134.003859 0.000000
605253.715956 2489134.759575 0.000000
605248.773725 2489135.515291 0.000000
605243.831494 2489136.271006 0.000000
605238.889264 2489137.026722 0.000000
605233.947033 2489137.782437 0.000000
605229.004802 2489138.538153 0.000000
605224.062571 2489139.293869 0.000000
605219.120340 2489140.049584 0.000000
605214.178110 2489140.805300 0.000000
605209.235879 2489141.561015 0.000000
605204.293648 2489142.316731 0.000000
605199.351417 2489143.072447 0.000000
605194.409186 2489143.828162 0.000000
605189.466955 2489144.583878 0.000000
605184.524725 2489145.339593 0.000000
605179.582494 2489146.095309 0.000000
605174.640263 2489146.851025 0.000000
605169.698032 2489147.606740 0.000000
605164.755801 2489148.362456 0.000000
605159.813570 2489149.118171 0.000000
605154.871340 2489149.873887 0.000000
605149.929109 2489150.629603 0.000000
605144.986878 2489151.385318 0.000000
605140.044647 2489152.141034 0.000000
605135.102416 2489152.896749 0.000000
605130.160186 2489153.652465 0.000000
605125.217955 2489154.408181 0.000000
605120.275724 2489155.163896 0.000000
605115.333493 2489155.919612 0.000000
605110.391262 2489156.675327 0.000000
605105.449031 2489157.431043 0.000000
605100.506801 2489158.186759 0.000000
605095.564570 2489158.942474 0.000000
605090.622339 2489159.698190 0.000000
605085.680108 2489160.453905 0.000000
605080.737877 2489161.209621 0.000000
605075.795647 2489161.965337 0.000000
605070.853416 2489162.721052 0.000000
605065.911185 2489163.476768 0.000000
605060.968954 2489164.232483 0.000000
605056.026723 2489164.988199 0.000000
605051.084492 2489165.743915 0.000000
605046.142262 2489166.499630 0.000000
605041.200031 2489167.255346 0.000000
605036.257800 2489168.011061 0.000000
605031.315569 2489168.766777 0.000000
605026.373338 2489169.522493 0.000000
605021.431107 2489170.278208 0.000000
605016.488877 2489171.033924 0.000000
605011.546646 2489171.789639 0.000000
605006.604415 2489172.545355 0.000000
605001.662184 2489173.301071 0.000000
604996.719953 2489174.056786 0.000000
604991.777723 2489174.812502 0.000000
604986.835492 2489175.568217 0.000000
604981.893261 2489176.323933 0.000000
604976.951030 2489177.079649 0.000000
604972.008799 2489177.835364 0.000000
604967.066568 2489178.591080 0.000000
604962.124338 2489179.346796 0.000000
604957.182107 2489180.102511 0.000000
604952.239876 2489180.858227 0.000000
604947.297645 2489181.613942 0.000000
604942.355414 2489182.369658 0.000000
604937.413184 2489183.125374 0.000000
604932.470953 2489183.881089 0.000000
604927.528722 2489184.636805 0.000000
604922.586491 2489185.392520 0.000000
604917.644260 2489186.148236 0.000000
604912.702029 2489186.903952 0.000000
604907.759799 2489187.659667 0.000000
604902.817568 2489188.415383 0.000000
604897.875337 2489189.171098 0.000000
604892.933106 2489189.926814 0.000000
604887.990875 2489190.682530 0.000000
604883.048644 2489191.438245 0.000000
604878.106414 2489192.193961 0.000000
604873.164183 2489192.949676 0.000000
604868.221952 2489193.705392 0.000000
604863.279721 2489194.461108 0.000000
604858.337490 2489195.216823 0.000000
604853.395260 2489195.972539 0.000000
604848.453029 2489196.728254 0.000000
604843.510798 2489197.483970 0.000000
604838.568567 2489198.239686 0.000000
604833.626336 2489198.995401 0.000000
604828.684105 2489199.751117 0.000000
604823.741875 2489200.506832 0.000000
604818.799644 2489201.262548 0.000000
604813.857413 2489202.018264 0.000000
604808.915182 2489202.773979 0.000000
604803.972951 2489203.529695 0.000000
604799.030721 2489204.285410 0.000000
604794.088490 2489205.041126 0.000000
604789.146259 2489205.796842 0.000000
604784.204028 2489206.552557 0.000000
604779.261797 2489207.308273 0.000000
604774.319566 2489208.063988 0.000000
604769.377336 2489208.819704 0.000000
604764.435105 2489209.575420 0.000000
604759.492874 2489210.331135 0.000000
604754.550643 2489211.086851 0.000000
604749.608412 2489211.842566 0.000000
604744.666181 2489212.598282 0.000000
604739.723951 2489213.353998 0.000000
604734.781720 2489214.109713 0.000000
604729.839489 2489214.865429 0.000000
604724.897258 2489215.621144 0.000000
604719.955027 2489216.376860 0.000000
604715.012797 2489217.132576 0.000000
604710.070566 2489217.888291 0.000000
604705.128335 2489218.644007 0.000000
604700.186104 2489219.399722 0.000000
604695.243873 2489220.155438 0.000000
604690.301642 2489220.911154 0.000000
604685.359412 2489221.666869 0.000000
604680.417181 2489222.422585 0.000000
604675.474950 2489223.178301 0.000000
604670.532719 2489223.934016 0.000000
604665.590488 2489224.689732 0.000000
604660.648258 2489225.445447 0.000000
604655.706027 2489226.201163 0.000000
604650.763796 2489226.956879 0.000000
604645.821565 2489227.712594 0.000000
604640.879334 2489228.468310 0.000000
604635.937103 2489229.224025 0.000000
604630.994873 2489229.979741 0.000000
604626.052642 2489230.735457 0.000000
604621.110411 2489231.491172 0.000000
604616.168180 2489232.246888 0.000000
604611.225949 2489233.002603 0.000000
604606.283718 2489233.758319 0.000000
604601.341488 2489234.514035 0.000000
604596.399257 2489235.269750 0.000000
604591.457026 2489236.025466 0.000000
604586.514795 2489236.781181 0.000000
604581.572564 2489237.536897 0.000000
604576.630334 2489238.292613 0.000000
604571.688103 2489239.048328 0.000000
604566.745872 2489239.804044 0.000000
604561.803641 2489240.559759 0.000000
604556.861410 2489241.315475 0.000000
604551.919179 2489242.071191 0.000000
604546.976949 2489242.826906 0.000000
604542.034718 2489243.582622 0.000000
604537.092487 2489244.338337 0.000000
604532.150256 2489245.094053 0.000000
604527.208025 2489245.849769 0.000000
604522.265795 2489246.605484 0.000000
604517.323564 2489247.361200 0.000000
604512.381333 2489248.116915 0.000000
604507.439102 2489248.872631 0.000000
604502.496871 2489249.628347 0.000000
604497.554640 2489250.384062 0.000000
604492.612410 2489251.139778 0.000000
604487.670179 2489251.895493 0.000000
604482.727948 2489252.651209 0.000000
604477.785717 2489253.406925 0.000000
604472.843486 2489254.162640 0.000000
604467.901255 2489254.918356 0.000000
604462.959025 2489255.674071 0.000000
604458.016794 2489256.429787 0.000000
604453.074563 2489257.185503 0.000000
604448.132332 2489257.941218 0.000000
604443.190101 2489258.696934 0.000000
604438.247871 2489259.452649 0.000000
604433.305640 2489260.208365 0.000000
604428.363409 2489260.964081 0.000000
604423.421178 2489261.719796 0.000000
604418.478947 2489262.475512 0.000000
604413.536716 2489263.231227 0.000000
604408.594486 2489263.986943 0.000000
604403.652255 2489264.742659 0.000000
604398.710024 2489265.498374 0.000000
604393.767793 2489266.254090 0.000000
604388.825562 2489267.009805 0.000000
604383.883332 2489267.765521 0.000000
604378.941101 2489268.521237 0.000000
604373.998870 2489269.276952 0.000000
604369.056639 2489270.032668 0.000000
604364.114408 2489270.788384 0.000000
604359.172177 2489271.544099 0.000000
604354.229947 2489272.299815 0.000000
604349.287716 2489273.055530 0.000000
604344.345485 2489273.811246 0.000000
604339.403254 2489274.566962 0.000000
604334.461023 2489275.322677 0.000000
604329.518793 2489276.078393 0.000000
604324.576562 2489276.834108 0.000000
604319.634331 2489277.589824 0.000000
604314.692100 2489278.345540 0.000000
604309.749869 2489279.101255 0.000000
604304.807638 2489279.856971 0.000000
604299.865408 2489280.612686 0.000000
604294.923177 2489281.368402 0.000000
604289.980946 2489282.124118 0.000000
604285.038715 2489282.879833 0.000000
604280.096484 2489283.635549 0.000000
604275.154253 2489284.391264 0.000000
604270.212023 2489285.146980 0.000000
604265.269792 2489285.902696 0.000000
604260.327561 2489286.658411 0.000000
604255.385330 2489287.414127 0.000000
604250.443099 2489288.169842 0.000000
604245.500869 2489288.925558 0.000000
604240.558638 2489289.681274 0.000000
604235.616407 2489290.436989 0.000000
604230.674176 2489291.192705 0.000000
604225.731945 2489291.948420 0.000000
604220.789714 2489292.704136 0.000000
604215.847484 2489293.459852 0.000000
604210.905253 2489294.215567 0.000000
604205.963022 2489294.971283 0.000000
604201.020791 2489295.726998 0.000000
604196.092227 2489296.607950 0.000000
604191.163663 2489297.488902 0.000000
604186.235099 2489298.369854 0.000000
604181.306535 2489299.250806 0.000000
604176.377971 2489300.131757 0.000000
604171.449407 2489301.012709 0.000000
604166.520843 2489301.893661 0.000000
604161.592279 2489302.774613 0.000000
604156.663715 2489303.655564 0.000000
604151.735151 2489304.536516 0.000000
604146.806587 2489305.417468 0.000000
604141.878023 2489306.298420 0.000000
604136.949459 2489307.179371 0.000000
604132.020895 2489308.060323 0.000000
604127.092331 2489308.941275 0.000000
604122.163767 2489309.822227 0.000000
604117.235203 2489310.703179 0.000000
604112.306639 2489311.584130 0.000000
604107.378075 2489312.465082 0.000000
604102.449511 2489313.346034 0.000000
604097.520947 2489314.226986 0.000000
604092.592383 2489315.107937 0.000000
604087.663819 2489315.988889 0.000000
604082.735255 2489316.869841 0.000000
604077.806691 2489317.750793 0.000000
604072.878127 2489318.631745 0.000000
604067.949563 2489319.512696 0.000000
604063.020999 2489320.393648 0.000000
604058.092435 2489321.274600 0.000000
604053.163871 2489322.155552 0.000000
604048.235308 2489323.036503 0.000000
604043.306744 2489323.917455 0.000000
604038.378180 2489324.798407 0.000000
604033.449616 2489325.679359 0.000000
604028.521052 2489326.560311 0.000000
604023.592488 2489327.441262 0.000000
604018.663924 2489328.322214 0.000000
604013.735360 2489329.203166 0.000000
604008.806796 2489330.084118 0.000000
604003.878232 2489330.965069 0.000000
603998.949668 2489331.846021 0.000000
603994.021104 2489332.726973 0.000000
603989.080991 2489333.481464 0.000000
603984.140879 2489334.235954 0.000000
603979.200767 2489334.990445 0.000000
603974.260654 2489335.744935 0.000000
603969.320542 2489336.499426 0.000000
603964.380430 2489337.253917 0.000000
603959.440317 2489338.008407 0.000000
603954.500205 2489338.762898 0.000000
603949.560093 2489339.517388 0.000000
603944.619980 2489340.271879 0.000000
603939.679868 2489341.026370 0.000000
603934.739756 2489341.780860 0.000000
603929.799643 2489342.535351 0.000000
603924.859531 2489343.289841 0.000000
603919.919419 2489344.044332 0.000000
603914.979306 2489344.798823 0.000000
603910.039194 2489345.553313 0.000000
603905.099082 2489346.307804 0.000000
603900.158970 2489347.062294 0.000000
603895.218857 2489347.816785 0.000000
603890.278745 2489348.571276 0.000000
603885.338633 2489349.325766 0.000000
603880.398520 2489350.080257 0.000000
603875.458408 2489350.834747 0.000000
603870.518296 2489351.589238 0.000000
603865.578183 2489352.343729 0.000000
603860.638071 2489353.098219 0.000000
603855.697959 2489353.852710 0.000000
603850.757846 2489354.607200 0.000000
603845.817734 2489355.361691 0.000000
603840.877622 2489356.116182 0.000000
603835.937509 2489356.870672 0.000000
603830.997397 2489357.625163 0.000000
603826.057285 2489358.379653 0.000000
603821.117172 2489359.134144 0.000000
603816.177060 2489359.888635 0.000000
603811.236948 2489360.643125 0.000000
603806.296835 2489361.397616 0.000000
603801.356723 2489362.152106 0.000000
603796.416611 2489362.906597 0.000000
603791.476498 2489363.661088 0.000000
603786.536386 2489364.415578 0.000000
603781.596274 2489365.170069 0.000000
603776.656161 2489365.924559 0.000000
603771.716049 2489366.679050 0.000000
603766.775937 2489367.433541 0.000000
603761.835824 2489368.188031 0.000000
603756.895712 2489368.942522 0.000000
603751.955600 2489369.697012 0.000000
603747.015488 2489370.451503 0.000000
603742.075375 2489371.205994 0.000000
603737.135263 2489371.960484 0.000000
603732.195151 2489372.714975 0.000000
603727.255038 2489373.469465 0.000000
603722.314926 2489374.223956 0.000000
603717.374814 2489374.978447 0.000000
603712.434701 2489375.732937 0.000000
603707.494589 2489376.487428 0.000000
603702.554477 2489377.241918 0.000000
603697.614364 2489377.996409 0.000000
603692.674252 2489378.750900 0.000000
603687.734140 2489379.505390 0.000000
603682.794027 2489380.259881 0.000000
603677.853915 2489381.014371 0.000000
603672.913803 2489381.768862 0.000000
603667.973690 2489382.523353 0.000000
603663.033578 2489383.277843 0.000000
603658.093466 2489384.032334 0.000000
603653.153353 2489384.786824 0.000000
603648.213241 2489385.541315 0.000000
603643.273129 2489386.295806 0.000000
603638.333016 2489387.050296 0.000000
603633.392904 2489387.804787 0.000000
603628.452792 2489388.559277 0.000000
603623.512679 2489389.313768 0.000000
603618.572567 2489390.068259 0.000000
603613.632455 2489390.822749 0.000000
603608.692343 2489391.577240 0.000000
603603.752230 2489392.331730 0.000000
603598.812118 2489393.086221 0.000000
603593.872006 2489393.840712 0.000000
603588.931893 2489394.595202 0.000000
603583.991781 2489395.349693 0.000000
603579.051669 2489396.104183 0.000000
603574.111556 2489396.858674 0.000000
603569.171444 2489397.613165 0.000000
603564.231332 2489398.367655 0.000000
603559.291219 2489399.122146 0.000000
603554.351107 2489399.876636 0.000000
603549.410995 2489400.631127 0.000000
603544.470882 2489401.385618 0.000000
603539.530770 2489402.140108 0.000000
603534.590658 2489402.894599 0.000000
603529.650545 2489403.649089 0.000000
603524.710433 2489404.403580 0.000000
603519.770321 2489405.158071 0.000000
603514.830208 2489405.912561 0.000000
603509.890096 2489406.667052 0.000000
603504.949984 2489407.421542 0.000000
603500.009871 2489408.176033 0.000000
603495.069759 2489408.930524 0.000000
603490.129647 2489409.685014 0.000000
603485.189534 2489410.439505 0.000000
603480.249422 2489411.193995 0.000000
603475.309310 2489411.948486 0.000000
603470.369197 2489412.702977 0.000000
603465.429085 2489413.457467 0.000000
603460.488973 2489414.211958 0.000000
603455.548861 2489414.966448 0.000000
603450.608748 2489415.720939 0.000000
603445.668636 2489416.475430 0.000000
603440.728524 2489417.229920 0.000000
603435.788411 2489417.984411 0.000000
603430.848299 2489418.738901 0.000000
603425.908187 2489419.493392 0.000000
603420.968074 2489420.247883 0.000000
603416.027962 2489421.002373 0.000000
603411.087850 2489421.756864 0.000000
603406.147737 2489422.511354 0.000000
603401.207625 2489423.265845 0.000000
603396.267513 2489424.020336 0.000000
603391.327400 2489424.774826 0.000000
603386.387288 2489425.529317 0.000000
603381.447176 2489426.283807 0.000000
603376.507063 2489427.038298 0.000000
603371.566951 2489427.792789 0.000000
603366.626839 2489428.547279 0.000000
603361.686726 2489429.301770 0.000000
603356.746614 2489430.056260 0.000000
603351.806502 2489430.810751 0.000000
603346.866389 2489431.565242 0.000000
603341.926277 2489432.319732 0.000000
603336.986165 2489433.074223 0.000000
603332.046052 2489433.828713 0.000000
603327.105940 2489434.583204 0.000000
603322.165828 2489435.337695 0.000000
603317.225716 2489436.092185 0.000000
603312.285603 2489436.846676 0.000000
603307.345491 2489437.601166 0.000000
603302.405379 2489438.355657 0.000000
603297.465266 2489439.110148 0.000000
603292.525154 2489439.864638 0.000000
603287.585042 2489440.619129 0.000000
603282.644929 2489441.373619 0.000000
603277.704817 2489442.128110 0.000000
603272.764705 2489442.882601 0.000000
603267.824592 2489443.637091 0.000000
603262.884480 2489444.391582 0.000000
603257.944368 2489445.146072 0.000000
603253.004255 2489445.900563 0.000000
603248.064143 2489446.655054 0.000000
603243.124031 2489447.409544 0.000000
603238.183918 2489448.164035 0.000000
603233.243806 2489448.918525 0.000000
603228.303694 2489449.673016 0.000000
603223.363581 2489450.427507 0.000000
603218.423469 2489451.181997 0.000000
603213.483357 2489451.936488 0.000000
603208.543244 2489452.690978 0.000000
603203.603132 2489453.445469 0.000000
603198.663020 2489454.199960 0.000000
603193.722907 2489454.954450 0.000000
603188.782795 2489455.708941 0.000000
603183.842683 2489456.463431 0.000000
603178.902570 2489457.217922 0.000000
603173.962458 2489457.972413 0.000000
603169.022346 2489458.726903 0.000000
603164.050131 2489459.338014 0.000000
603159.077916 2489459.949125 0.000000
603154.105702 2489460.560236 0.000000
603149.133487 2489461.171347 0.000000
603144.161272 2489461.782458 0.000000
603139.189057 2489462.393569 0.000000
603134.216843 2489463.004679 0.000000
603129.244628 2489463.615790 0.000000
603124.272413 2489464.226901 0.000000
603119.300198 2489464.838012 0.000000
603114.327984 2489465.449123 0.000000
603109.355769 2489466.060234 0.000000
603104.383554 2489466.671345 0.000000
603099.411339 2489467.282456 0.000000
603094.439124 2489467.893567 0.000000
603089.466910 2489468.504678 0.000000
603084.494695 2489469.115789 0.000000
603079.522480 2489469.726899 0.000000
603074.550265 2489470.338010 0.000000
603069.578051 2489470.949121 0.000000
603064.605836 2489471.560232 0.000000
603059.633621 2489472.171343 0.000000
603054.661406 2489472.782454 0.000000
603049.689192 2489473.393565 0.000000
603044.716977 2489474.004676 0.000000
603039.744762 2489474.615787 0.000000
603034.772547 2489475.226898 0.000000
603029.800333 2489475.838009 0.000000
603024.828118 2489476.449119 0.000000
603019.855903 2489477.060230 0.000000
603014.883688 2489477.671341 0.000000
603009.911474 2489478.282452 0.000000
603004.939259 2489478.893563 0.000000
602999.967044 2489479.504674 0.000000
602994.994829 2489480.115785 0.000000
602990.022615 2489480.726896 0.000000
602985.071295 2489481.479108 0.000000
602980.119975 2489482.231320 0.000000
602975.168655 2489482.983532 0.000000
602970.217335 2489483.735744 0.000000
602965.266015 2489484.487956 0.000000
602960.314695 2489485.240168 0.000000
602955.363375 2489485.992380 0.000000
602950.412055 2489486.744592 0.000000
602945.460735 2489487.496804 0.000000
602940.509415 2489488.249015 0.000000
602935.558095 2489489.001227 0.000000
602930.606775 2489489.753439 0.000000
602925.655455 2489490.505651 0.000000
602920.704135 2489491.257863 0.000000
602915.752815 2489492.010075 0.000000
602910.801495 2489492.762287 0.000000
602905.850175 2489493.514499 0.000000
602900.898855 2489494.266711 0.000000
602895.947535 2489495.018923 0.000000
602890.996215 2489495.771135 0.000000
602886.044895 2489496.523347 0.000000
602881.093575 2489497.275559 0.000000
602876.142255 2489498.027771 0.000000
602871.190935 2489498.779983 0.000000
602866.239615 2489499.532195 0.000000
602861.288295 2489500.284407 0.000000
602856.336975 2489501.036619 0.000000
602851.385655 2489501.788831 0.000000
602846.434335 2489502.541043 0.000000
602841.483015 2489503.293255 0.000000
602836.531695 2489504.045467 0.000000
602831.580375 2489504.797679 0.000000
602826.629055 2489505.549891 0.000000
602821.677735 2489506.302103 0.000000
602816.726415 2489507.054315 0.000000
602811.775095 2489507.806527 0.000000
602806.823775 2489508.558739 0.000000
602801.872455 2489509.310951 0.000000
602796.921135 2489510.063163 0.000000
602791.969815 2489510.815375 0.000000
602787.018495 2489511.567586 0.000000
602782.067175 2489512.319798 0.000000
602777.115855 2489513.072010 0.000000
602772.164535 2489513.824222 0.000000
602767.213215 2489514.576434 0.000000
602762.261895 2489515.328646 0.000000
602757.310575 2489516.080858 0.000000
602752.359256 2489516.833070 0.000000
602747.407936 2489517.585282 0.000000
602742.456616 2489518.337494 0.000000
602737.505296 2489519.089706 0.000000
602732.553976 2489519.841918 0.000000
602727.602656 2489520.594130 0.000000
602722.651336 2489521.346342 0.000000
602717.700016 2489522.098554 0.000000
602712.748696 2489522.850766 0.000000
602707.797376 2489523.602978 0.000000
602702.846056 2489524.355190 0.000000
602697.894736 2489525.107402 0.000000
602692.943416 2489525.859614 0.000000
602687.992096 2489526.611826 0.000000
602683.040776 2489527.364038 0.000000
602678.089456 2489528.116250 0.000000
602673.138136 2489528.868462 0.000000
602668.186816 2489529.620674 0.000000
602663.235496 2489530.372886 0.000000
602658.284176 2489531.125098 0.000000
602653.332856 2489531.877310 0.000000
602648.381536 2489532.629522 0.000000
602643.430216 2489533.381734 0.000000
602638.478896 2489534.133946 0.000000
602633.527576 2489534.886157 0.000000
602628.576256 2489535.638369 0.000000
602623.624936 2489536.390581 0.000000
602618.673616 2489537.142793 0.000000
602613.722296 2489537.895005 0.000000
602608.770976 2489538.647217 0.000000
602603.819656 2489539.399429 0.000000
602598.868336 2489540.151641 0.000000
602593.917016 2489540.903853 0.000000
602588.965696 2489541.656065 0.000000
602584.014376 2489542.408277 0.000000
602579.063056 2489543.160489 0.000000
602574.111736 2489543.912701 0.000000
602569.160416 2489544.664913 0.000000
602564.209096 2489545.417125 0.000000
602559.257776 2489546.169337 0.000000
602554.306456 2489546.921549 0.000000
602549.355136 2489547.673761 0.000000
602544.403816 2489548.425973 0.000000
602539.452496 2489549.178185 0.000000
602534.501176 2489549.930397 0.000000
602529.549856 2489550.682609 0.000000
602524.598536 2489551.434821 0.000000
602519.647216 2489552.187033 0.000000
602514.695896 2489552.939245 0.000000
602509.744576 2489553.691457 0.000000
602504.793256 2489554.443669 0.000000
602499.841937 2489555.195881 0.000000
602494.890617 2489555.948093 0.000000
602489.939297 2489556.700305 0.000000
602484.987977 2489557.452517 0.000000
602480.036657 2489558.204729 0.000000
602475.085337 2489558.956940 0.000000
602470.134017 2489559.709152 0.000000
602465.182697 2489560.461364 0.000000
602460.231377 2489561.213576 0.000000
602455.280057 2489561.965788 0.000000
602450.328737 2489562.718000 0.000000
602445.377417 2489563.470212 0.000000
602440.426097 2489564.222424 0.000000
602435.474777 2489564.974636 0.000000
602430.523457 2489565.726848 0.000000
602425.572137 2489566.479060 0.000000
602420.620817 2489567.231272 0.000000
602415.669497 2489567.983484 0.000000
602410.718177 2489568.735696 0.000000
602405.766857 2489569.487908 0.000000
602400.815537 2489570.240120 0.000000
602395.864217 2489570.992332 0.000000
602390.912897 2489571.744544 0.000000
602385.961577 2489572.496756 0.000000
602381.010257 2489573.248968 0.000000
602376.058937 2489574.001180 0.000000
602371.107617 2489574.753392 0.000000
602366.156297 2489575.505604 0.000000
602361.204977 2489576.257816 0.000000
602356.253657 2489577.010028 0.000000
602351.302337 2489577.762240 0.000000
602346.351017 2489578.514452 0.000000
602341.399697 2489579.266664 0.000000
602336.448377 2489580.018876 0.000000
602331.497057 2489580.771088 0.000000
602326.545737 2489581.523300 0.000000
602321.594417 2489582.275511 0.000000
602316.643097 2489583.027723 0.000000
602311.691777 2489583.779935 0.000000
602306.740457 2489584.532147 0.000000
602301.789137 2489585.284359 0.000000
602296.837817 2489586.036571 0.000000
602291.886497 2489586.788783 0.000000
602286.935177 2489587.540995 0.000000
602281.983857 2489588.293207 0.000000
602277.032537 2489589.045419 0.000000
602272.081217 2489589.797631 0.000000
602267.129897 2489590.549843 0.000000
602262.178577 2489591.302055 0.000000
602257.227257 2489592.054267 0.000000
602252.275937 2489592.806479 0.000000
602247.324617 2489593.558691 0.000000
602242.373298 2489594.310903 0.000000
602237.421978 2489595.063115 0.000000
602232.470658 2489595.815327 0.000000
602227.519338 2489596.567539 0.000000
602222.568018 2489597.319751 0.000000
602217.616698 2489598.071963 0.000000
602212.665378 2489598.824175 0.000000
602207.714058 2489599.576387 0.000000
602202.762738 2489600.328599 0.000000
602197.811418 2489601.080811 0.000000
602192.860098 2489601.833023 0.000000
602187.908778 2489602.585235 0.000000
602182.957458 2489603.337447 0.000000
602178.006138 2489604.089659 0.000000
602173.054818 2489604.841871 0.000000
602168.103498 2489605.594082 0.000000
602163.152178 2489606.346294 0.000000
602158.200858 2489607.098506 0.000000
602153.249538 2489607.850718 0.000000
602148.298218 2489608.602930 0.000000
602143.346898 2489609.355142 0.000000
602138.395578 2489610.107354 0.000000
602133.444258 2489610.859566 0.000000
602128.492938 2489611.611778 0.000000
602123.541618 2489612.363990 0.000000
602118.590298 2489613.116202 0.000000
602113.638978 2489613.868414 0.000000
602108.687658 2489614.620626 0.000000
602103.736338 2489615.372838 0.000000
602098.785018 2489616.125050 0.000000
602093.833698 2489616.877262 0.000000
602088.882378 2489617.629474 0.000000
602083.931058 2489618.381686 0.000000
602078.979738 2489619.133898 0.000000
602074.028418 2489619.886110 0.000000
602069.077098 2489620.638322 0.000000
602064.125778 2489621.390534 0.000000
602059.174458 2489622.142746 0.000000
602054.223138 2489622.894958 0.000000
602049.271818 2489623.647170 0.000000
602044.320498 2489624.399382 0.000000
602039.369178 2489625.151594 0.000000
602034.417858 2489625.903806 0.000000
602029.466538 2489626.656018 0.000000
602024.515218 2489627.408230 0.000000
602019.563898 2489628.160442 0.000000
602014.612578 2489628.912654 0.000000
602009.661258 2489629.664865 0.000000
602004.709938 2489630.417077 0.000000
601999.758618 2489631.169289 0.000000
601994.807298 2489631.921501 0.000000
601989.855978 2489632.673713 0.000000
601984.904659 2489633.425925 0.000000
601979.953339 2489634.178137 0.000000
601975.002019 2489634.930349 0.000000
601970.050699 2489635.682561 0.000000
601965.099379 2489636.434773 0.000000
601960.148059 2489637.186985 0.000000
601955.196739 2489637.939197 0.000000
601950.245419 2489638.691409 0.000000
601945.294099 2489639.443621 0.000000
601940.342779 2489640.195833 0.000000
601935.391459 2489640.948045 0.000000
601930.440139 2489641.700257 0.000000
601925.488819 2489642.452469 0.000000
601920.537499 2489643.204681 0.000000
601915.586179 2489643.956893 0.000000
601910.634859 2489644.709105 0.000000
601905.683539 2489645.461317 0.000000
601900.732219 2489646.213529 0.000000
601895.780899 2489646.965741 0.000000
601890.829579 2489647.717953 0.000000
601885.878259 2489648.470165 0.000000
601880.926939 2489649.222377 0.000000
601875.975619 2489649.974589 0.000000
601871.024299 2489650.726801 0.000000
601866.059306 2489651.356800 0.000000
601861.094314 2489651.986800 0.000000
601856.129321 2489652.616800 0.000000
601851.164329 2489653.246800 0.000000
601846.199336 2489653.876799 0.000000
601841.234344 2489654.506799 0.000000
601836.269351 2489655.136799 0.000000
601831.304359 2489655.766799 0.000000
601826.339366 2489656.396798 0.000000
601821.374374 2489657.026798 0.000000
601816.409381 2489657.656798 0.000000
601811.444388 2489658.286798 0.000000
601806.479396 2489658.916797 0.000000
601801.514403 2489659.546797 0.000000
601796.549411 2489660.176797 0.000000
601791.584418 2489660.806797 0.000000
601786.619426 2489661.436796 0.000000
601781.654433 2489662.066796 0.000000
601776.689441 2489662.696796 0.000000
601771.724448 2489663.326796 0.000000
601766.759456 2489663.956795 0.000000
601761.794463 2489664.586795 0.000000
601756.829470 2489665.216795 0.000000
601751.864478 2489665.846795 0.000000
601746.899485 2489666.476794 0.000000
601741.934493 2489667.106794 0.000000
601736.969500 2489667.736794 0.000000
601732.004508 2489668.366794 0.000000
601727.039515 2489668.996794 0.000000
601722.074523 2489669.626793 0.000000
601717.109530 2489670.256793 0.000000
601712.144538 2489670.886793 0.000000
601707.179545 2489671.516793 0.000000
601702.214552 2489672.146792 0.000000
601697.249560 2489672.776792 0.000000
601692.284567 2489673.406792 0.000000
601687.319575 2489674.036792 0.000000
601682.354582 2489674.666791 0.000000
601677.389590 2489675.296791 0.000000
601672.424597 2489675.926791 0.000000
601667.459605 2489676.556791 0.000000
601662.494612 2489677.186790 0.000000
601657.529620 2489677.816790 0.000000
601652.564627 2489678.446790 0.000000
601647.599634 2489679.076790 0.000000
601642.634642 2489679.706789 0.000000
601637.669649 2489680.336789 0.000000
601632.704657 2489680.966789 0.000000
601627.739664 2489681.596789 0.000000
601622.774672 2489682.226788 0.000000
601617.809679 2489682.856788 0.000000
601612.844687 2489683.486788 0.000000
601607.879694 2489684.116788 0.000000
601602.914702 2489684.746787 0.000000
601597.949709 2489685.376787 0.000000
601592.984716 2489686.006787 0.000000
601588.019724 2489686.636787 0.000000
601583.054731 2489687.266786 0.000000
601578.089739 2489687.896786 0.000000
601573.124746 2489688.526786 0.000000
601568.159754 2489689.156786 0.000000
601563.194761 2489689.786785 0.000000
601558.229769 2489690.416785 0.000000
601553.264776 2489691.046785 0.000000
601548.299784 2489691.676785 0.000000
601543.334791 2489692.306784 0.000000
601538.369798 2489692.936784 0.000000
601533.404806 2489693.566784 0.000000
601528.439813 2489694.196784 0.000000
601523.474821 2489694.826783 0.000000
601518.509828 2489695.456783 0.000000
601513.544836 2489696.086783 0.000000
601508.579843 2489696.716783 0.000000
601503.614851 2489697.346783 0.000000
601498.649858 2489697.976782 0.000000
601493.684866 2489698.606782 0.000000
601488.719873 2489699.236782 0.000000
601483.754880 2489699.866782 0.000000
601478.789888 2489700.496781 0.000000
601473.824895 2489701.126781 0.000000
601468.859903 2489701.756781 0.000000
601463.894910 2489702.386781 0.000000
601458.929918 2489703.016780 0.000000
601453.964925 2489703.646780 0.000000
601448.999933 2489704.276780 0.000000
601444.034940 2489704.906780 0.000000
601439.069948 2489705.536779 0.000000
601434.104955 2489706.166779 0.000000
601429.139962 2489706.796779 0.000000
601424.174970 2489707.426779 0.000000
601419.209977 2489708.056778 0.000000
601414.244985 2489708.686778 0.000000
601409.279992 2489709.316778 0.000000
601404.315000 2489709.946778 0.000000
601399.350007 2489710.576777 0.000000
601394.385015 2489711.206777 0.000000
601389.420022 2489711.836777 0.000000
601384.455030 2489712.466777 0.000000
601379.490037 2489713.096776 0.000000
601374.525044 2489713.726776 0.000000
601369.560052 2489714.356776 0.000000
601364.595059 2489714.986776 0.000000
601359.630067 2489715.616775 0.000000
601354.665074 2489716.246775 0.000000
601349.700082 2489716.876775 0.000000
601344.735089 2489717.506775 0.000000
601339.770097 2489718.136774 0.000000
601334.805104 2489718.766774 0.000000
601329.840112 2489719.396774 0.000000
601324.875119 2489720.026774 0.000000
601319.910126 2489720.656773 0.000000
601314.945134 2489721.286773 0.000000
601309.980141 2489721.916773 0.000000
601305.015149 2489722.546773 0.000000
601300.050156 2489723.176773 0.000000
601295.085164 2489723.806772 0.000000
601290.120171 2489724.436772 0.000000
601285.155179 2489725.066772 0.000000
601280.190186 2489725.696772 0.000000
601275.225194 2489726.326771 0.000000
601270.260201 2489726.956771 0.000000
601265.295208 2489727.586771 0.000000
601260.330216 2489728.216771 0.000000
601255.365223 2489728.846770 0.000000
601250.400231 2489729.476770 0.000000
601245.435238 2489730.106770 0.000000
601240.470246 2489730.736770 0.000000
601235.505253 2489731.366769 0.000000
601230.540261 2489731.996769 0.000000
601225.575268 2489732.626769 0.000000
601220.610276 2489733.256769 0.000000
601215.645283 2489733.886768 0.000000
601210.680290 2489734.516768 0.000000
601205.715298 2489735.146768 0.000000
601200.750305 2489735.776768 0.000000
601195.785313 2489736.406767 0.000000
601190.820320 2489737.036767 0.000000
601185.855328 2489737.666767 0.000000
601180.890335 2489738.296767 0.000000
601175.925343 2489738.926766 0.000000
601170.960350 2489739.556766 0.000000
601165.995358 2489740.186766 0.000000
601161.030365 2489740.816766 0.000000
601156.065372 2489741.446765 0.000000
601151.100380 2489742.076765 0.000000
601146.135387 2489742.706765 0.000000
601141.170395 2489743.336765 0.000000
601136.205402 2489743.966764 0.000000
601131.240410 2489744.596764 0.000000
601126.275417 2489745.226764 0.000000
601121.310425 2489745.856764 0.000000
601116.345432 2489746.486763 0.000000
601111.380440 2489747.116763 0.000000
601106.415447 2489747.746763 0.000000
601101.450454 2489748.376763 0.000000
601096.485462 2489749.006762 0.000000
601091.520469 2489749.636762 0.000000
601086.555477 2489750.266762 0.000000
601081.590484 2489750.896762 0.000000
601076.625492 2489751.526762 0.000000
601071.660499 2489752.156761 0.000000
601066.695507 2489752.786761 0.000000
601061.730514 2489753.416761 0.000000
601056.765522 2489754.046761 0.000000
601051.800529 2489754.676760 0.000000
601046.835536 2489755.306760 0.000000
601041.870544 2489755.936760 0.000000
601036.905551 2489756.566760 0.000000
601031.940559 2489757.196759 0.000000
601026.975566 2489757.826759 0.000000
601022.010574 2489758.456759 0.000000
601017.045581 2489759.086759 0.000000
601012.080589 2489759.716758 0.000000
601007.115596 2489760.346758 0.000000
601002.150604 2489760.976758 0.000000
600997.185611 2489761.606758 0.000000
600992.220618 2489762.236757 0.000000
600987.255626 2489762.866757 0.000000
600982.290633 2489763.496757 0.000000
600977.325641 2489764.126757 0.000000
600972.360648 2489764.756756 0.000000
600967.395656 2489765.386756 0.000000
600962.430663 2489766.016756 0.000000
600957.465671 2489766.646756 0.000000
600952.500678 2489767.276755 0.000000
600947.535686 2489767.906755 0.000000
600942.570693 2489768.536755 0.000000
600937.605700 2489769.166755 0.000000
600932.640708 2489769.796754 0.000000
600927.675715 2489770.426754 0.000000
600922.710723 2489771.056754 0.000000
600917.745730 2489771.686754 0.000000
600912.780738 2489772.316753 0.000000
600907.815745 2489772.946753 0.000000
600902.850753 2489773.576753 0.000000
600897.885760 2489774.206753 0.000000
600892.920768 2489774.836752 0.000000
600887.955775 2489775.466752 0.000000
600882.990782 2489776.096752 0.000000
600878.025790 2489776.726752 0.000000
600873.067120 2489777.429231 0.000000
600868.108449 2489778.131710 0.000000
600863.149779 2489778.834189 0.000000
600858.191109 2489779.536668 0.000000
600853.232439 2489780.239147 0.000000
600848.273769 2489780.941626 0.000000
600843.315098 2489781.644105 0.000000
600838.356428 2489782.346584 0.000000
600833.397758 2489783.049063 0.000000
600828.439088 2489783.751542 0.000000
600823.480417 2489784.454021 0.000000
600818.521747 2489785.156500 0.000000
600813.563077 2489785.858978 0.000000
600808.604407 2489786.561457 0.000000
600803.645736 2489787.263936 0.000000
600798.687066 2489787.966415 0.000000
600793.728396 2489788.668894 0.000000
600788.769726 2489789.371373 0.000000
600783.811055 2489790.073852 0.000000
600778.852385 2489790.776331 0.000000
600773.893715 2489791.478810 0.000000
600768.935045 2489792.181289 0.000000
600763.976375 2489792.883768 0.000000
600759.017704 2489793.586247 0.000000
600754.059034 2489794.288726 0.000000
600749.100364 2489794.991205 0.000000
600744.141694 2489795.693684 0.000000
600739.183023 2489796.396163 0.000000
600734.224353 2489797.098642 0.000000
600729.265683 2489797.801121 0.000000
600724.307013 2489798.503600 0.000000
600719.348342 2489799.206079 0.000000
600714.389672 2489799.908558 0.000000
600709.431002 2489800.611037 0.000000
600704.472332 2489801.313516 0.000000
600699.513662 2489802.015995 0.000000
600694.554991 2489802.718474 0.000000
600689.596321 2489803.420953 0.000000
600684.637651 2489804.123432 0.000000
600679.678981 2489804.825911 0.000000
600674.720310 2489805.528390 0.000000
600669.761640 2489806.230869 0.000000
600664.802970 2489806.933348 0.000000
600659.844300 2489807.635827 0.000000
600654.885629 2489808.338306 0.000000
600649.926959 2489809.040785 0.000000
600644.968289 2489809.743264 0.000000
600640.009619 2489810.445743 0.000000
600635.050949 2489811.148222 0.000000
600630.092278 2489811.850701 0.000000
600625.133608 2489812.553180 0.000000
600620.174938 2489813.255659 0.000000
600615.216268 2489813.958138 0.000000
600610.257597 2489814.660617 0.000000
600605.298927 2489815.363096 0.000000
600600.340257 2489816.065575 0.000000
600595.381587 2489816.768054 0.000000
600590.422916 2489817.470533 0.000000
600585.464246 2489818.173012 0.000000
600580.505576 2489818.875491 0.000000
600575.546906 2489819.577970 0.000000
600570.588236 2489820.280449 0.000000
600565.629565 2489820.982927 0.000000
600560.670895 2489821.685406 0.000000
600555.712225 2489822.387885 0.000000
600550.753555 2489823.090364 0.000000
600545.794884 2489823.792843 0.000000
600540.836214 2489824.495322 0.000000
600535.877544 2489825.197801 0.000000
600530.918874 2489825.900280 0.000000
600525.960203 2489826.602759 0.000000
600521.001533 2489827.305238 0.000000
600516.042863 2489828.007717 0.000000
600511.084193 2489828.710196 0.000000
600506.125523 2489829.412675 0.000000
600501.166852 2489830.115154 0.000000
600496.208182 2489830.817633 0.000000
600491.249512 2489831.520112 0.000000
600486.290842 2489832.222591 0.000000
600481.332171 2489832.925070 0.000000
600476.373501 2489833.627549 0.000000
600471.414831 2489834.330028 0.000000
600466.456161 2489835.032507 0.000000
600461.497490 2489835.734986 0.000000
600456.538820 2489836.437465 0.000000
600451.580150 2489837.139944 0.000000
600446.621480 2489837.842423 0.000000
600441.662810 2489838.544902 0.000000
600436.704139 2489839.247381 0.000000
600431.745469 2489839.949860 0.000000
600426.786799 2489840.652339 0.000000
600421.828129 2489841.354818 0.000000
600416.869458 2489842.057297 0.000000
600411.910788 2489842.759776 0.000000
600406.952118 2489843.462255 0.000000
600401.993448 2489844.164734 0.000000
600397.034777 2489844.867213 0.000000
600392.076107 2489845.569692 0.000000
600387.117437 2489846.272171 0.000000
600382.158767 2489846.974650 0.000000
600377.200097 2489847.677129 0.000000
600372.241426 2489848.379608 0.000000
600367.282756 2489849.082087 0.000000
600362.324086 2489849.784566 0.000000
600357.365416 2489850.487045 0.000000
600352.406745 2489851.189524 0.000000
600347.448075 2489851.892003 0.000000
600342.489405 2489852.594482 0.000000
600337.530735 2489853.296961 0.000000
600332.572064 2489853.999440 0.000000
600327.613394 2489854.701919 0.000000
600322.654724 2489855.404398 0.000000
600317.696054 2489856.106876 0.000000
600312.737383 2489856.809355 0.000000
600307.778713 2489857.511834 0.000000
600302.820043 2489858.214313 0.000000
600297.861373 2489858.916792 0.000000
600292.902703 2489859.619271 0.000000
600287.944032 2489860.321750 0.000000
600282.985362 2489861.024229 0.000000
600278.026692 2489861.726708 0.000000
