FFASCI 0 1 "LINES" 0 1e+10
FFATTR 0 1
->1
591842.039056 2488640.729654 0.000000
591837.317958 2488642.374543 0.000000
591832.596859 2488644.019432 0.000000
591827.875761 2488645.664322 0.000000
591823.154663 2488647.309211 0.000000
591818.433564 2488648.954100 0.000000
591813.712466 2488650.598989 0.000000
591808.991368 2488652.243879 0.000000
591804.270269 2488653.888768 0.000000
591799.549171 2488655.533657 0.000000
591794.828073 2488657.178546 0.000000
591790.106974 2488658.823436 0.000000
591785.385876 2488660.468325 0.000000
591780.664778 2488662.113214 0.000000
591775.943679 2488663.758103 0.000000
591771.222581 2488665.402993 0.000000
591766.501483 2488667.047882 0.000000
591761.780385 2488668.692771 0.000000
591757.059286 2488670.337660 0.000000
591752.338188 2488671.982550 0.000000
591747.617090 2488673.627439 0.000000
591742.895991 2488675.272328 0.000000
591738.174893 2488676.917217 0.000000
591733.453795 2488678.562107 0.000000
591728.732696 2488680.206996 0.000000
591724.011598 2488681.851885 0.000000
591719.290500 2488683.496774 0.000000
591714.569401 2488685.141664 0.000000
591709.848303 2488686.786553 0.000000
591705.127205 2488688.431442 0.000000
591700.406106 2488690.076331 0.000000
591695.685008 2488691.721221 0.000000
591690.963910 2488693.366110 0.000000
591686.242812 2488695.010999 0.000000
591681.521713 2488696.655888 0.000000
591676.800615 2488698.300778 0.000000
591672.079517 2488699.945667 0.000000
591667.358418 2488701.590556 0.000000
591662.637320 2488703.235445 0.000000
591657.916222 2488704.880335 0.000000
591653.195123 2488706.525224 0.000000
591648.474025 2488708.170113 0.000000
591643.752927 2488709.815002 0.000000
591639.031828 2488711.459892 0.000000
591634.310730 2488713.104781 0.000000
591629.589632 2488714.749670 0.000000
591624.868533 2488716.394559 0.000000
591620.147435 2488718.039449 0.000000
591615.426337 2488719.684338 0.000000
591610.705239 2488721.329227 0.000000
591605.984140 2488722.974116 0.000000
591601.263042 2488724.619005 0.000000
591596.541944 2488726.263895 0.000000
591591.820845 2488727.908784 0.000000
591587.099747 2488729.553673 0.000000
591582.378649 2488731.198562 0.000000
591577.657550 2488732.843452 0.000000
591572.936452 2488734.488341 0.000000
591568.215354 2488736.133230 0.000000
591563.494255 2488737.778119 0.000000
591558.773157 2488739.423009 0.000000
591554.052059 2488741.067898 0.000000
591549.330960 2488742.712787 0.000000
591544.609862 2488744.357676 0.000000
591539.888764 2488746.002566 0.000000
591535.167665 2488747.647455 0.000000
591530.446567 2488749.292344 0.000000
591525.725469 2488750.937233 0.000000
591521.004371 2488752.582123 0.000000
591516.283272 2488754.227012 0.000000
591511.562174 2488755.871901 0.000000
591506.841076 2488757.516790 0.000000
591502.119977 2488759.161680 0.000000
591497.398879 2488760.806569 0.000000
591492.677781 2488762.451458 0.000000
591487.956682 2488764.096347 0.000000
591483.235584 2488765.741237 0.000000
591478.514486 2488767.386126 0.000000
591473.793387 2488769.031015 0.000000
591469.072289 2488770.675904 0.000000
591464.351191 2488772.320794 0.000000
591459.630092 2488773.965683 0.000000
591454.908994 2488775.610572 0.000000
591450.187896 2488777.255461 0.000000
591445.466798 2488778.900351 0.000000
591440.745699 2488780.545240 0.000000
591436.024601 2488782.190129 0.000000
591431.303503 2488783.835018 0.000000
591426.582404 2488785.479908 0.000000
591421.861306 2488787.124797 0.000000
591417.140208 2488788.769686 0.000000
591412.419109 2488790.414575 0.000000
591407.698011 2488792.059465 0.000000
591402.976913 2488793.704354 0.000000
591398.255814 2488795.349243 0.000000
591393.534716 2488796.994132 0.000000
591388.813618 2488798.639022 0.000000
591384.092519 2488800.283911 0.000000
591379.371421 2488801.928800 0.000000
591374.650323 2488803.573689 0.000000
591369.929225 2488805.218579 0.000000
591365.208126 2488806.863468 0.000000
591360.487028 2488808.508357 0.000000
591355.765930 2488810.153246 0.000000
591351.044831 2488811.798136 0.000000
591346.323733 2488813.443025 0.000000
591341.602635 2488815.087914 0.000000
591336.881536 2488816.732803 0.000000
591332.160438 2488818.377693 0.000000
591327.439340 2488820.022582 0.000000
591322.718241 2488821.667471 0.000000
591317.997143 2488823.312360 0.000000
591313.276045 2488824.957249 0.000000
591308.554946 2488826.602139 0.000000
591303.833848 2488828.247028 0.000000
591299.112750 2488829.891917 0.000000
591294.391652 2488831.536806 0.000000
591289.670553 2488833.181696 0.000000
591284.949455 2488834.826585 0.000000
591280.228357 2488836.471474 0.000000
591275.507258 2488838.116363 0.000000
591270.786160 2488839.761253 0.000000
591266.065062 2488841.406142 0.000000
591261.343963 2488843.051031 0.000000
591256.622865 2488844.695920 0.000000
591251.901767 2488846.340810 0.000000
591247.180668 2488847.985699 0.000000
591242.459570 2488849.630588 0.000000
591237.738472 2488851.275477 0.000000
591233.017373 2488852.920367 0.000000
591228.296275 2488854.565256 0.000000
591223.575177 2488856.210145 0.000000
591218.854078 2488857.855034 0.000000
591214.132980 2488859.499924 0.000000
591209.411882 2488861.144813 0.000000
591204.690784 2488862.789702 0.000000
591199.969685 2488864.434591 0.000000
591195.248587 2488866.079481 0.000000
591190.527489 2488867.724370 0.000000
591185.806390 2488869.369259 0.000000
591181.085292 2488871.014148 0.000000
591176.364194 2488872.659038 0.000000
591171.643095 2488874.303927 0.000000
591166.921997 2488875.948816 0.000000
591162.200899 2488877.593705 0.000000
591157.479800 2488879.238595 0.000000
591152.758702 2488880.883484 0.000000
591148.037604 2488882.528373 0.000000
591143.316505 2488884.173262 0.000000
591138.595407 2488885.818152 0.000000
591133.874309 2488887.463041 0.000000
591129.153211 2488889.107930 0.000000
591124.432112 2488890.752819 0.000000
591119.711014 2488892.397709 0.000000
591114.989916 2488894.042598 0.000000
591110.268817 2488895.687487 0.000000
591105.547719 2488897.332376 0.000000
591100.826621 2488898.977266 0.000000
591096.105522 2488900.622155 0.000000
591091.384424 2488902.267044 0.000000
591086.663326 2488903.911933 0.000000
591081.942227 2488905.556823 0.000000
591077.221129 2488907.201712 0.000000
591072.500031 2488908.846601 0.000000
591067.778932 2488910.491490 0.000000
591063.057834 2488912.136380 0.000000
591058.336736 2488913.781269 0.000000
591053.615638 2488915.426158 0.000000
591048.894539 2488917.071047 0.000000
591044.173441 2488918.715937 0.000000
591039.452343 2488920.360826 0.000000
591034.731244 2488922.005715 0.000000
591030.010146 2488923.650604 0.000000
591025.289048 2488925.295493 0.000000
591020.567949 2488926.940383 0.000000
591015.846851 2488928.585272 0.000000
591011.125753 2488930.230161 0.000000
591006.404654 2488931.875050 0.000000
591001.683556 2488933.519940 0.000000
590996.962458 2488935.164829 0.000000
590992.241359 2488936.809718 0.000000
590987.520261 2488938.454607 0.000000
590982.799163 2488940.099497 0.000000
590978.078065 2488941.744386 0.000000
590973.356966 2488943.389275 0.000000
590968.635868 2488945.034164 0.000000
590963.914770 2488946.679054 0.000000
590959.193671 2488948.323943 0.000000
590954.472573 2488949.968832 0.000000
590949.751475 2488951.613721 0.000000
590945.030376 2488953.258611 0.000000
590940.309278 2488954.903500 0.000000
590935.588180 2488956.548389 0.000000
590930.867081 2488958.193278 0.000000
590926.145983 2488959.838168 0.000000
590921.424885 2488961.483057 0.000000
590916.703786 2488963.127946 0.000000
590911.982688 2488964.772835 0.000000
590907.261590 2488966.417725 0.000000
590902.540492 2488968.062614 0.000000
590897.819393 2488969.707503 0.000000
590893.098295 2488971.352392 0.000000
590888.377197 2488972.997282 0.000000
590883.656098 2488974.642171 0.000000
590878.935000 2488976.287060 0.000000
590874.213902 2488977.931949 0.000000
590869.492803 2488979.576839 0.000000
590864.771705 2488981.221728 0.000000
590860.050607 2488982.866617 0.000000
590855.329508 2488984.511506 0.000000
590850.608410 2488986.156396 0.000000
590845.887312 2488987.801285 0.000000
590841.166213 2488989.446174 0.000000
590836.445115 2488991.091063 0.000000
590831.724017 2488992.735953 0.000000
590827.002918 2488994.380842 0.000000
590822.281820 2488996.025731 0.000000
590817.560722 2488997.670620 0.000000
590812.839624 2488999.315510 0.000000
590808.118525 2489000.960399 0.000000
590803.397427 2489002.605288 0.000000
590798.676329 2489004.250177 0.000000
590793.955230 2489005.895067 0.000000
590789.234132 2489007.539956 0.000000
590784.513034 2489009.184845 0.000000
590779.791935 2489010.829734 0.000000
590775.070837 2489012.474624 0.000000
590770.349739 2489014.119513 0.000000
590765.628640 2489015.764402 0.000000
590760.907542 2489017.409291 0.000000
590756.186444 2489019.054181 0.000000
590751.465345 2489020.699070 0.000000
590746.744247 2489022.343959 0.000000
590742.023149 2489023.988848 0.000000
590737.302051 2489025.633737 0.000000
590732.580952 2489027.278627 0.000000
590727.859854 2489028.923516 0.000000
590723.138756 2489030.568405 0.000000
590718.417657 2489032.213294 0.000000
590713.696559 2489033.858184 0.000000
590708.975461 2489035.503073 0.000000
590704.254362 2489037.147962 0.000000
590699.533264 2489038.792851 0.000000
590694.812166 2489040.437741 0.000000
590690.091067 2489042.082630 0.000000
590685.369969 2489043.727519 0.000000
590680.648871 2489045.372408 0.000000
590675.927772 2489047.017298 0.000000
590671.206674 2489048.662187 0.000000
590666.485576 2489050.307076 0.000000
590661.764478 2489051.951965 0.000000
590657.043379 2489053.596855 0.000000
590652.322281 2489055.241744 0.000000
590647.601183 2489056.886633 0.000000
590642.880084 2489058.531522 0.000000
590638.158986 2489060.176412 0.000000
590633.437888 2489061.821301 0.000000
590628.716789 2489063.466190 0.000000
590623.995691 2489065.111079 0.000000
590619.274593 2489066.755969 0.000000
590614.553494 2489068.400858 0.000000
590609.832396 2489070.045747 0.000000
590605.111298 2489071.690636 0.000000
590600.390199 2489073.335526 0.000000
590595.669101 2489074.980415 0.000000
590590.948003 2489076.625304 0.000000
590586.226905 2489078.270193 0.000000
590581.505806 2489079.915083 0.000000
590576.784708 2489081.559972 0.000000
590572.063610 2489083.204861 0.000000
590567.342511 2489084.849750 0.000000
590562.621413 2489086.494640 0.000000
590557.900315 2489088.139529 0.000000
590553.179216 2489089.784418 0.000000
590548.458118 2489091.429307 0.000000
590543.737020 2489093.074197 0.000000
590539.015921 2489094.719086 0.000000
590534.294823 2489096.363975 0.000000
590529.573725 2489098.008864 0.000000
590524.852626 2489099.653754 0.000000
590520.131528 2489101.298643 0.000000
590515.410430 2489102.943532 0.000000
590510.689332 2489104.588421 0.000000
590505.968233 2489106.233311 0.000000
590501.247135 2489107.878200 0.000000
590496.526037 2489109.523089 0.000000
590491.804938 2489111.167978 0.000000
590487.083840 2489112.812868 0.000000
590482.362742 2489114.457757 0.000000
590477.641643 2489116.102646 0.000000
590472.920545 2489117.747535 0.000000
590468.199447 2489119.392425 0.000000
590463.478348 2489121.037314 0.000000
590458.757250 2489122.682203 0.000000
590454.036152 2489124.327092 0.000000
590449.315053 2489125.971981 0.000000
590444.593955 2489127.616871 0.000000
590439.872857 2489129.261760 0.000000
590435.151758 2489130.906649 0.000000
590430.430660 2489132.551538 0.000000
590425.709562 2489134.196428 0.000000
590420.988464 2489135.841317 0.000000
590416.267365 2489137.486206 0.000000
590411.546267 2489139.131095 0.000000
590406.825169 2489140.775985 0.000000
590402.104070 2489142.420874 0.000000
590397.382972 2489144.065763 0.000000
590392.661874 2489145.710652 0.000000
590387.940775 2489147.355542 0.000000
590383.219677 2489149.000431 0.000000
590378.498579 2489150.645320 0.000000
590373.777480 2489152.290209 0.000000
590369.056382 2489153.935099 0.000000
590364.335284 2489155.579988 0.000000
590359.614185 2489157.224877 0.000000
590354.893087 2489158.869766 0.000000
590350.171989 2489160.514656 0.000000
590345.450891 2489162.159545 0.000000
590340.729792 2489163.804434 0.000000
590336.008694 2489165.449323 0.000000
590331.287596 2489167.094213 0.000000
590326.566497 2489168.739102 0.000000
590321.845399 2489170.383991 0.000000
590317.124301 2489172.028880 0.000000
590312.403202 2489173.673770 0.000000
590307.682104 2489175.318659 0.000000
590302.961006 2489176.963548 0.000000
590298.239907 2489178.608437 0.000000
590293.518809 2489180.253327 0.000000
590288.797711 2489181.898216 0.000000
590284.076612 2489183.543105 0.000000
590279.355514 2489185.187994 0.000000
590274.634416 2489186.832884 0.000000
590269.913318 2489188.477773 0.000000
590265.192219 2489190.122662 0.000000
590260.471121 2489191.767551 0.000000
590255.750023 2489193.412441 0.000000
590251.028924 2489195.057330 0.000000
590246.307826 2489196.702219 0.000000
590241.586728 2489198.347108 0.000000
590236.865629 2489199.991998 0.000000
590232.144531 2489201.636887 0.000000
590227.423433 2489203.281776 0.000000
590222.702334 2489204.926665 0.000000
590217.981236 2489206.571555 0.000000
590213.260138 2489208.216444 0.000000
590208.539039 2489209.861333 0.000000
590203.817941 2489211.506222 0.000000
590199.096843 2489213.151112 0.000000
590194.375745 2489214.796001 0.000000
590189.654646 2489216.440890 0.000000
590184.933548 2489218.085779 0.000000
590180.212450 2489219.730669 0.000000
590175.491351 2489221.375558 0.000000
590170.770253 2489223.020447 0.000000
590166.049155 2489224.665336 0.000000
590161.328056 2489226.310225 0.000000
590156.606958 2489227.955115 0.000000
590151.885860 2489229.600004 0.000000
590147.164761 2489231.244893 0.000000
590142.443663 2489232.889782 0.000000
590137.722565 2489234.534672 0.000000
590133.001466 2489236.179561 0.000000
590128.280368 2489237.824450 0.000000
590123.559270 2489239.469339 0.000000
590118.838172 2489241.114229 0.000000
590114.117073 2489242.759118 0.000000
590109.395975 2489244.404007 0.000000
590104.674877 2489246.048896 0.000000
590099.953778 2489247.693786 0.000000
590095.232680 2489249.338675 0.000000
590090.511582 2489250.983564 0.000000
590085.790483 2489252.628453 0.000000
590081.069385 2489254.273343 0.000000
590076.348287 2489255.918232 0.000000
590071.627188 2489257.563121 0.000000
590066.906090 2489259.208010 0.000000
590062.184992 2489260.852900 0.000000
590057.463893 2489262.497789 0.000000
590052.742795 2489264.142678 0.000000
590048.021697 2489265.787567 0.000000
590043.300598 2489267.432457 0.000000
590038.579500 2489269.077346 0.000000
590033.858402 2489270.722235 0.000000
590029.137304 2489272.367124 0.000000
590024.416205 2489274.012014 0.000000
590019.695107 2489275.656903 0.000000
590014.974009 2489277.301792 0.000000
590010.252910 2489278.946681 0.000000
590005.531812 2489280.591571 0.000000
590000.810714 2489282.236460 0.000000
589996.089615 2489283.881349 0.000000
589991.368517 2489285.526238 0.000000
589986.647419 2489287.171128 0.000000
589981.926320 2489288.816017 0.000000
589977.205222 2489290.460906 0.000000
589972.484124 2489292.105795 0.000000
589967.763025 2489293.750685 0.000000
589963.041927 2489295.395574 0.000000
589958.320829 2489297.040463 0.000000
589953.599731 2489298.685352 0.000000
589948.878632 2489300.330242 0.000000
589944.157534 2489301.975131 0.000000
589939.436436 2489303.620020 0.000000
589934.715337 2489305.264909 0.000000
589929.994239 2489306.909799 0.000000
589925.273141 2489308.554688 0.000000
589920.552042 2489310.199577 0.000000
589915.830944 2489311.844466 0.000000
589911.109846 2489313.489356 0.000000
589906.388747 2489315.134245 0.000000
589901.667649 2489316.779134 0.000000
589896.946551 2489318.424023 0.000000
589892.225452 2489320.068912 0.000000
589887.504354 2489321.713802 0.000000
589882.783256 2489323.358691 0.000000
589878.062158 2489325.003580 0.000000
589873.341059 2489326.648469 0.000000
589868.619961 2489328.293359 0.000000
589863.898863 2489329.938248 0.000000
589859.177764 2489331.583137 0.000000
589854.456666 2489333.228026 0.000000
589849.735568 2489334.872916 0.000000
589845.014469 2489336.517805 0.000000
589840.293371 2489338.162694 0.000000
589835.572273 2489339.807583 0.000000
589830.851174 2489341.452473 0.000000
589826.130076 2489343.097362 0.000000
589821.408978 2489344.742251 0.000000
589816.687879 2489346.387140 0.000000
589811.966781 2489348.032030 0.000000
589807.245683 2489349.676919 0.000000
589802.524585 2489351.321808 0.000000
589797.803486 2489352.966697 0.000000
589793.082388 2489354.611587 0.000000
589788.361290 2489356.256476 0.000000
589783.640191 2489357.901365 0.000000
589778.919093 2489359.546254 0.000000
589774.197995 2489361.191144 0.000000
589769.476896 2489362.836033 0.000000
589764.755798 2489364.480922 0.000000
589760.034700 2489366.125811 0.000000
589755.313601 2489367.770701 0.000000
589750.592503 2489369.415590 0.000000
589745.871405 2489371.060479 0.000000
589741.150306 2489372.705368 0.000000
589736.429208 2489374.350258 0.000000
589731.708110 2489375.995147 0.000000
589726.987012 2489377.640036 0.000000
589722.265913 2489379.284925 0.000000
589717.544815 2489380.929815 0.000000
589712.823717 2489382.574704 0.000000
589708.102618 2489384.219593 0.000000
589703.381520 2489385.864482 0.000000
589698.660422 2489387.509372 0.000000
589693.939323 2489389.154261 0.000000
589689.218225 2489390.799150 0.000000
589684.497127 2489392.444039 0.000000
589679.776028 2489394.088929 0.000000
589675.054930 2489395.733818 0.000000
589670.333832 2489397.378707 0.000000
589665.612733 2489399.023596 0.000000
589660.891635 2489400.668486 0.000000
589656.170537 2489402.313375 0.000000
589651.449438 2489403.958264 0.000000
589646.728340 2489405.603153 0.000000
589642.007242 2489407.248043 0.000000
589637.286144 2489408.892932 0.000000
589632.565045 2489410.537821 0.000000
589627.843947 2489412.182710 0.000000
589623.122849 2489413.827600 0.000000
589618.401750 2489415.472489 0.000000
589613.680652 2489417.117378 0.000000
589608.959554 2489418.762267 0.000000
589604.238455 2489420.407156 0.000000
589599.517357 2489422.052046 0.000000
589594.796259 2489423.696935 0.000000
589590.075160 2489425.341824 0.000000
589585.354062 2489426.986713 0.000000
589580.632964 2489428.631603 0.000000
589575.911865 2489430.276492 0.000000
589571.190767 2489431.921381 0.000000
589566.469669 2489433.566270 0.000000
589561.748571 2489435.211160 0.000000
589557.027472 2489436.856049 0.000000
589552.306374 2489438.500938 0.000000
589547.585276 2489440.145827 0.000000
589542.864177 2489441.790717 0.000000
589538.143079 2489443.435606 0.000000
589533.421981 2489445.080495 0.000000
589528.700882 2489446.725384 0.000000
589523.979784 2489448.370274 0.000000
589519.258686 2489450.015163 0.000000
589514.537587 2489451.660052 0.000000
589509.816489 2489453.304941 0.000000
589505.095391 2489454.949831 0.000000
589500.374292 2489456.594720 0.000000
589495.653194 2489458.239609 0.000000
589490.932096 2489459.884498 0.000000
589486.210998 2489461.529388 0.000000
589481.489899 2489463.174277 0.000000
589476.768801 2489464.819166 0.000000
589472.047703 2489466.464055 0.000000
589467.326604 2489468.108945 0.000000
589462.605506 2489469.753834 0.000000
589457.884408 2489471.398723 0.000000
589453.163309 2489473.043612 0.000000
589448.442211 2489474.688502 0.000000
589443.721113 2489476.333391 0.000000
589439.000014 2489477.978280 0.000000
589434.278916 2489479.623169 0.000000
589429.557818 2489481.268059 0.000000
589424.836719 2489482.912948 0.000000
589420.115621 2489484.557837 0.000000
589415.394523 2489486.202726 0.000000
589410.673425 2489487.847616 0.000000
589405.952326 2489489.492505 0.000000
589401.231228 2489491.137394 0.000000
589396.510130 2489492.782283 0.000000
589391.789031 2489494.427173 0.000000
589387.067933 2489496.072062 0.000000
589382.346835 2489497.716951 0.000000
589377.625736 2489499.361840 0.000000
589372.904638 2489501.006730 0.000000
589368.183540 2489502.651619 0.000000
589363.462441 2489504.296508 0.000000
589358.741343 2489505.941397 0.000000
589354.020245 2489507.586287 0.000000
589349.299146 2489509.231176 0.000000
589344.578048 2489510.876065 0.000000
589339.856950 2489512.520954 0.000000
589335.135851 2489514.165844 0.000000
589330.414753 2489515.810733 0.000000
589325.693655 2489517.455622 0.000000
589320.972557 2489519.100511 0.000000
589316.251458 2489520.745400 0.000000
589311.530360 2489522.390290 0.000000
589306.809262 2489524.035179 0.000000
589302.088163 2489525.680068 0.000000
589297.367065 2489527.324957 0.000000
589292.645967 2489528.969847 0.000000
589287.924868 2489530.614736 0.000000
589283.203770 2489532.259625 0.000000
589278.482672 2489533.904514 0.000000
589273.761573 2489535.549404 0.000000
589269.040475 2489537.194293 0.000000
589264.319377 2489538.839182 0.000000
589259.598278 2489540.484071 0.000000
589254.877180 2489542.128961 0.000000
589250.156082 2489543.773850 0.000000
589245.434984 2489545.418739 0.000000
589240.713885 2489547.063628 0.000000
589235.992787 2489548.708518 0.000000
589231.271689 2489550.353407 0.000000
589226.550590 2489551.998296 0.000000
589221.829492 2489553.643185 0.000000
589217.108394 2489555.288075 0.000000
589212.387295 2489556.932964 0.000000
589207.666197 2489558.577853 0.000000
589202.945099 2489560.222742 0.000000
589198.224000 2489561.867632 0.000000
589193.502902 2489563.512521 0.000000
589188.781804 2489565.157410 0.000000
589184.060705 2489566.802299 0.000000
589179.339607 2489568.447189 0.000000
589174.618509 2489570.092078 0.000000
589169.897411 2489571.736967 0.000000
589165.176312 2489573.381856 0.000000
589160.455214 2489575.026746 0.000000
589155.734116 2489576.671635 0.000000
589151.013017 2489578.316524 0.000000
589146.291919 2489579.961413 0.000000
589141.570821 2489581.606303 0.000000
589136.849722 2489583.251192 0.000000
589132.128624 2489584.896081 0.000000
589127.407526 2489586.540970 0.000000
589122.686427 2489588.185860 0.000000
589117.965329 2489589.830749 0.000000
589113.244231 2489591.475638 0.000000
589108.523132 2489593.120527 0.000000
589103.802034 2489594.765417 0.000000
589099.080936 2489596.410306 0.000000
589094.359838 2489598.055195 0.000000
589089.638739 2489599.700084 0.000000
589084.917641 2489601.344974 0.000000
589080.196543 2489602.989863 0.000000
589075.475444 2489604.634752 0.000000
589070.754346 2489606.279641 0.000000
589066.033248 2489607.924531 0.000000
589061.312149 2489609.569420 0.000000
589056.591051 2489611.214309 0.000000
589051.869953 2489612.859198 0.000000
589047.148854 2489614.504088 0.000000
589042.427756 2489616.148977 0.000000
589037.706658 2489617.793866 0.000000
589032.985559 2489619.438755 0.000000
589028.264461 2489621.083644 0.000000
589023.543363 2489622.728534 0.000000
589018.822265 2489624.373423 0.000000
589014.101166 2489626.018312 0.000000
589009.380068 2489627.663201 0.000000
589004.658970 2489629.308091 0.000000
588999.937871 2489630.952980 0.000000
588995.216773 2489632.597869 0.000000
588990.495675 2489634.242758 0.000000
588985.774576 2489635.887648 0.000000
588981.053478 2489637.532537 0.000000
588976.332380 2489639.177426 0.000000
588971.611281 2489640.822315 0.000000
588966.890183 2489642.467205 0.000000
588962.169085 2489644.112094 0.000000
588957.447986 2489645.756983 0.000000
588952.726888 2489647.401872 0.000000
588948.005790 2489649.046762 0.000000
588943.284691 2489650.691651 0.000000
588938.563593 2489652.336540 0.000000
588933.842495 2489653.981429 0.000000
588929.121397 2489655.626319 0.000000
588924.400298 2489657.271208 0.000000
588919.679200 2489658.916097 0.000000
588914.958102 2489660.560986 0.000000
588910.237003 2489662.205876 0.000000
588905.515905 2489663.850765 0.000000
588900.794807 2489665.495654 0.000000
588896.073708 2489667.140543 0.000000
588891.352610 2489668.785433 0.000000
588886.631512 2489670.430322 0.000000
588881.910413 2489672.075211 0.000000
588877.189315 2489673.720100 0.000000
588872.468217 2489675.364990 0.000000
588867.747118 2489677.009879 0.000000
588863.026020 2489678.654768 0.000000
588858.304922 2489680.299657 0.000000
588853.583824 2489681.944547 0.000000
588848.862725 2489683.589436 0.000000
588844.141627 2489685.234325 0.000000
588839.420529 2489686.879214 0.000000
588834.699430 2489688.524104 0.000000
588829.978332 2489690.168993 0.000000
588825.257234 2489691.813882 0.000000
588820.536135 2489693.458771 0.000000
588815.815037 2489695.103661 0.000000
588811.093939 2489696.748550 0.000000
588806.372840 2489698.393439 0.000000
588801.651742 2489700.038328 0.000000
588796.930644 2489701.683218 0.000000
588792.209545 2489703.328107 0.000000
588787.488447 2489704.972996 0.000000
588782.767349 2489706.617885 0.000000
588778.046251 2489708.262775 0.000000
588773.325152 2489709.907664 0.000000
588768.604054 2489711.552553 0.000000
588763.882956 2489713.197442 0.000000
588759.161857 2489714.842332 0.000000
588754.440759 2489716.487221 0.000000
588749.719661 2489718.132110 0.000000
588744.998562 2489719.776999 0.000000
588740.277464 2489721.421888 0.000000
588735.556366 2489723.066778 0.000000
588730.835267 2489724.711667 0.000000
588726.114169 2489726.356556 0.000000
588721.393071 2489728.001445 0.000000
588716.671972 2489729.646335 0.000000
588711.950874 2489731.291224 0.000000
588707.229776 2489732.936113 0.000000
588702.508678 2489734.581002 0.000000
588697.787579 2489736.225892 0.000000
588693.066481 2489737.870781 0.000000
588688.345383 2489739.515670 0.000000
588683.624284 2489741.160559 0.000000
588678.903186 2489742.805449 0.000000
588674.182088 2489744.450338 0.000000
588669.460989 2489746.095227 0.000000
588664.739891 2489747.740116 0.000000
588660.018793 2489749.385006 0.000000
588655.297694 2489751.029895 0.000000
588650.576596 2489752.674784 0.000000
588645.855498 2489754.319673 0.000000
588641.134399 2489755.964563 0.000000
588636.413301 2489757.609452 0.000000
588631.692203 2489759.254341 0.000000
588626.971105 2489760.899230 0.000000
588622.250006 2489762.544120 0.000000
588617.528908 2489764.189009 0.000000
588612.807810 2489765.833898 0.000000
588608.086711 2489767.478787 0.000000
588603.365613 2489769.123677 0.000000
588598.644515 2489770.768566 0.000000
588593.923416 2489772.413455 0.000000
588589.202318 2489774.058344 0.000000
588584.481220 2489775.703234 0.000000
588579.760121 2489777.348123 0.000000
588575.039023 2489778.993012 0.000000
588570.317925 2489780.637901 0.000000
588565.596826 2489782.282791 0.000000
588560.875728 2489783.927680 0.000000
588556.154630 2489785.572569 0.000000
588551.433531 2489787.217458 0.000000
588546.712433 2489788.862348 0.000000
588541.991335 2489790.507237 0.000000
588537.270237 2489792.152126 0.000000
588532.549138 2489793.797015 0.000000
588527.828040 2489795.441905 0.000000
588523.106942 2489797.086794 0.000000
588518.385843 2489798.731683 0.000000
588513.664745 2489800.376572 0.000000
588508.943647 2489802.021462 0.000000
588504.222548 2489803.666351 0.000000
588499.501450 2489805.311240 0.000000
588494.780352 2489806.956129 0.000000
588490.059253 2489808.601019 0.000000
588485.338155 2489810.245908 0.000000
588480.617057 2489811.890797 0.000000
588475.895958 2489813.535686 0.000000
588471.174860 2489815.180576 0.000000
588466.453762 2489816.825465 0.000000
588461.732664 2489818.470354 0.000000
588457.011565 2489820.115243 0.000000
588452.290467 2489821.760132 0.000000
588447.569369 2489823.405022 0.000000
588442.848270 2489825.049911 0.000000
588438.127172 2489826.694800 0.000000
588433.406074 2489828.339689 0.000000
588428.684975 2489829.984579 0.000000
588423.963877 2489831.629468 0.000000
588419.242779 2489833.274357 0.000000
588414.521680 2489834.919246 0.000000
588409.800582 2489836.564136 0.000000
588405.079484 2489838.209025 0.000000
588400.358385 2489839.853914 0.000000
588395.637287 2489841.498803 0.000000
588390.916189 2489843.143693 0.000000
588386.195091 2489844.788582 0.000000
588381.473992 2489846.433471 0.000000
588376.752894 2489848.078360 0.000000
588372.031796 2489849.723250 0.000000
588367.310697 2489851.368139 0.000000
588362.589599 2489853.013028 0.000000
588357.868501 2489854.657917 0.000000
588353.147402 2489856.302807 0.000000
588348.426304 2489857.947696 0.000000
588343.705206 2489859.592585 0.000000
588338.984107 2489861.237474 0.000000
588334.263009 2489862.882364 0.000000
588329.541911 2489864.527253 0.000000
588324.820812 2489866.172142 0.000000
588320.099714 2489867.817031 0.000000
588315.378616 2489869.461921 0.000000
588310.657518 2489871.106810 0.000000
588305.936419 2489872.751699 0.000000
588301.215321 2489874.396588 0.000000
588296.494223 2489876.041478 0.000000
588291.773124 2489877.686367 0.000000
588287.052026 2489879.331256 0.000000
588282.330928 2489880.976145 0.000000
588277.609829 2489882.621035 0.000000
588272.888731 2489884.265924 0.000000
588268.167633 2489885.910813 0.000000
588263.446534 2489887.555702 0.000000
588258.725436 2489889.200592 0.000000
588254.004338 2489890.845481 0.000000
588249.283239 2489892.490370 0.000000
588244.562141 2489894.135259 0.000000
588239.841043 2489895.780149 0.000000
588235.119945 2489897.425038 0.000000
588230.398846 2489899.069927 0.000000
588225.677748 2489900.714816 0.000000
588220.956650 2489902.359706 0.000000
588216.235551 2489904.004595 0.000000
588211.514453 2489905.649484 0.000000
588206.793355 2489907.294373 0.000000
588202.072256 2489908.939263 0.000000
588197.351158 2489910.584152 0.000000
588192.630060 2489912.229041 0.000000
588187.908961 2489913.873930 0.000000
588183.187863 2489915.518820 0.000000
588178.466765 2489917.163709 0.000000
588173.745666 2489918.808598 0.000000
588169.024568 2489920.453487 0.000000
588164.303470 2489922.098376 0.000000
588159.582371 2489923.743266 0.000000
588154.861273 2489925.388155 0.000000
588150.140175 2489927.033044 0.000000
588145.419077 2489928.677933 0.000000
588140.697978 2489930.322823 0.000000
588135.976880 2489931.967712 0.000000
588131.255782 2489933.612601 0.000000
588126.534683 2489935.257490 0.000000
588121.813585 2489936.902380 0.000000
588117.092487 2489938.547269 0.000000
588112.371388 2489940.192158 0.000000
588107.650290 2489941.837047 0.000000
588102.929192 2489943.481937 0.000000
588098.208093 2489945.126826 0.000000
588093.486995 2489946.771715 0.000000
588088.765897 2489948.416604 0.000000
588084.044798 2489950.061494 0.000000
588079.323700 2489951.706383 0.000000
588074.602602 2489953.351272 0.000000
588069.881504 2489954.996161 0.000000
588065.160405 2489956.641051 0.000000
588060.439307 2489958.285940 0.000000
588055.718209 2489959.930829 0.000000
588050.997110 2489961.575718 0.000000
588046.276012 2489963.220608 0.000000
588041.554914 2489964.865497 0.000000
588036.833815 2489966.510386 0.000000
588032.112717 2489968.155275 0.000000
588027.391619 2489969.800165 0.000000
588022.670520 2489971.445054 0.000000
588017.949422 2489973.089943 0.000000
588013.228324 2489974.734832 0.000000
588008.507225 2489976.379722 0.000000
588003.786127 2489978.024611 0.000000
587999.065029 2489979.669500 0.000000
587994.343931 2489981.314389 0.000000
587989.622832 2489982.959279 0.000000
587984.901734 2489984.604168 0.000000
587980.180636 2489986.249057 0.000000
587975.459537 2489987.893946 0.000000
587970.738439 2489989.538836 0.000000
587966.017341 2489991.183725 0.000000
587961.296242 2489992.828614 0.000000
587956.575144 2489994.473503 0.000000
587951.854046 2489996.118393 0.000000
587947.132947 2489997.763282 0.000000
587942.411849 2489999.408171 0.000000
587937.690751 2490001.053060 0.000000
587932.969652 2490002.697950 0.000000
587928.248554 2490004.342839 0.000000
587923.527456 2490005.987728 0.000000
587918.806358 2490007.632617 0.000000
587914.085259 2490009.277507 0.000000
587909.364161 2490010.922396 0.000000
587904.643063 2490012.567285 0.000000
587899.921964 2490014.212174 0.000000
587895.200866 2490015.857064 0.000000
587890.479768 2490017.501953 0.000000
587885.758669 2490019.146842 0.000000
587881.037571 2490020.791731 0.000000
587876.316473 2490022.436620 0.000000
587871.595374 2490024.081510 0.000000
587866.874276 2490025.726399 0.000000
587862.153178 2490027.371288 0.000000
587857.432079 2490029.016177 0.000000
587852.710981 2490030.661067 0.000000
587847.989883 2490032.305956 0.000000
587843.268785 2490033.950845 0.000000
587838.547686 2490035.595734 0.000000
587833.826588 2490037.240624 0.000000
587829.105490 2490038.885513 0.000000
587824.384391 2490040.530402 0.000000
587819.663293 2490042.175291 0.000000
587814.942195 2490043.820181 0.000000
587810.221096 2490045.465070 0.000000
587805.499998 2490047.109959 0.000000
587800.778900 2490048.754848 0.000000
587796.057801 2490050.399738 0.000000
587791.336703 2490052.044627 0.000000
587786.615605 2490053.689516 0.000000
587781.894506 2490055.334405 0.000000
587777.173408 2490056.979295 0.000000
587772.452310 2490058.624184 0.000000
587767.731211 2490060.269073 0.000000
587763.010113 2490061.913962 0.000000
587758.289015 2490063.558852 0.000000
587753.567917 2490065.203741 0.000000
587748.846818 2490066.848630 0.000000
587744.125720 2490068.493519 0.000000
587739.404622 2490070.138409 0.000000
587734.683523 2490071.783298 0.000000
587729.962425 2490073.428187 0.000000
587725.241327 2490075.073076 0.000000
587720.520228 2490076.717966 0.000000
587715.799130 2490078.362855 0.000000
587711.078032 2490080.007744 0.000000
587706.356933 2490081.652633 0.000000
587701.635835 2490083.297523 0.000000
587696.914737 2490084.942412 0.000000
587692.193638 2490086.587301 0.000000
587687.472540 2490088.232190 0.000000
587682.751442 2490089.877080 0.000000
587678.030344 2490091.521969 0.000000
587673.309245 2490093.166858 0.000000
587668.588147 2490094.811747 0.000000
587663.867049 2490096.456637 0.000000
587659.145950 2490098.101526 0.000000
587654.424852 2490099.746415 0.000000
587649.703754 2490101.391304 0.000000
587644.982655 2490103.036194 0.000000
587640.261557 2490104.681083 0.000000
587635.540459 2490106.325972 0.000000
587630.819360 2490107.970861 0.000000
587626.098262 2490109.615751 0.000000
587621.377164 2490111.260640 0.000000
587616.656065 2490112.905529 0.000000
587611.934967 2490114.550418 0.000000
587607.213869 2490116.195308 0.000000
587602.492771 2490117.840197 0.000000
587597.771672 2490119.485086 0.000000
587593.050574 2490121.129975 0.000000
587588.329476 2490122.774864 0.000000
587583.608377 2490124.419754 0.000000
587578.887279 2490126.064643 0.000000
587574.166181 2490127.709532 0.000000
587569.445082 2490129.354421 0.000000
587564.723984 2490130.999311 0.000000
587560.002886 2490132.644200 0.000000
587555.281787 2490134.289089 0.000000
587550.560689 2490135.933978 0.000000
587545.839591 2490137.578868 0.000000
587541.118492 2490139.223757 0.000000
587536.397394 2490140.868646 0.000000
587531.676296 2490142.513535 0.000000
587526.955198 2490144.158425 0.000000
587522.234099 2490145.803314 0.000000
587517.513001 2490147.448203 0.000000
587512.791903 2490149.093092 0.000000
587508.070804 2490150.737982 0.000000
587503.349706 2490152.382871 0.000000
587498.628608 2490154.027760 0.000000
587493.907509 2490155.672649 0.000000
587489.186411 2490157.317539 0.000000
587484.465313 2490158.962428 0.000000
587479.744214 2490160.607317 0.000000
587475.023116 2490162.252206 0.000000
587470.302018 2490163.897096 0.000000
587465.580919 2490165.541985 0.000000
587460.859821 2490167.186874 0.000000
587456.138723 2490168.831763 0.000000
587451.417624 2490170.476653 0.000000
587446.696526 2490172.121542 0.000000
587441.975428 2490173.766431 0.000000
587437.254330 2490175.411320 0.000000
587432.533231 2490177.056210 0.000000
587427.812133 2490178.701099 0.000000
587423.091035 2490180.345988 0.000000
587418.369936 2490181.990877 0.000000
587413.648838 2490183.635767 0.000000
587408.927740 2490185.280656 0.000000
587404.206641 2490186.925545 0.000000
587399.485543 2490188.570434 0.000000
587394.764445 2490190.215324 0.000000
587390.043346 2490191.860213 0.000000
587385.322248 2490193.505102 0.000000
587380.601150 2490195.149991 0.000000
587375.880051 2490196.794881 0.000000
587371.158953 2490198.439770 0.000000
587366.437855 2490200.084659 0.000000
587361.716757 2490201.729548 0.000000
587356.995658 2490203.374438 0.000000
587352.274560 2490205.019327 0.000000
587347.553462 2490206.664216 0.000000
587342.832363 2490208.309105 0.000000
587338.111265 2490209.953995 0.000000
587333.390167 2490211.598884 0.000000
587328.669068 2490213.243773 0.000000
587323.947970 2490214.888662 0.000000
587319.226872 2490216.533552 0.000000
587314.505773 2490218.178441 0.000000
587309.784675 2490219.823330 0.000000
587305.063577 2490221.468219 0.000000
587300.342478 2490223.113108 0.000000
587295.621380 2490224.757998 0.000000
587290.900282 2490226.402887 0.000000
587286.179184 2490228.047776 0.000000
587281.458085 2490229.692665 0.000000
587276.736987 2490231.337555 0.000000
587272.015889 2490232.982444 0.000000
587267.294790 2490234.627333 0.000000
587262.573692 2490236.272222 0.000000
587257.852594 2490237.917112 0.000000
587253.131495 2490239.562001 0.000000
587248.410397 2490241.206890 0.000000
587243.689299 2490242.851779 0.000000
587238.968200 2490244.496669 0.000000
587234.247102 2490246.141558 0.000000
587229.526004 2490247.786447 0.000000
587224.804905 2490249.431336 0.000000
587220.083807 2490251.076226 0.000000
587215.362709 2490252.721115 0.000000
587210.641611 2490254.366004 0.000000
587205.920512 2490256.010893 0.000000
587201.199414 2490257.655783 0.000000
587196.478316 2490259.300672 0.000000
587191.757217 2490260.945561 0.000000
587187.036119 2490262.590450 0.000000
587182.315021 2490264.235340 0.000000
587177.593922 2490265.880229 0.000000
587172.872824 2490267.525118 0.000000
587168.151726 2490269.170007 0.000000
587163.430627 2490270.814897 0.000000
587158.709529 2490272.459786 0.000000
587153.988431 2490274.104675 0.000000
587149.267332 2490275.749564 0.000000
587144.546234 2490277.394454 0.000000
587139.825136 2490279.039343 0.000000
587135.104038 2490280.684232 0.000000
587130.382939 2490282.329121 0.000000
587125.661841 2490283.974011 0.000000
587120.940743 2490285.618900 0.000000
587116.219644 2490287.263789 0.000000
587111.498546 2490288.908678 0.000000
587106.777448 2490290.553568 0.000000
587102.056349 2490292.198457 0.000000
587097.335251 2490293.843346 0.000000
587092.614153 2490295.488235 0.000000
587087.893054 2490297.133125 0.000000
587083.171956 2490298.778014 0.000000
587078.450858 2490300.422903 0.000000
587073.729759 2490302.067792 0.000000
587069.008661 2490303.712682 0.000000
587064.287563 2490305.357571 0.000000
587059.566464 2490307.002460 0.000000
587054.845366 2490308.647349 0.000000
587050.124268 2490310.292239 0.000000
587045.403170 2490311.937128 0.000000
587040.682071 2490313.582017 0.000000
587035.960973 2490315.226906 0.000000
587031.239875 2490316.871796 0.000000
587026.518776 2490318.516685 0.000000
587021.797678 2490320.161574 0.000000
587017.076580 2490321.806463 0.000000
587012.355481 2490323.451352 0.000000
587007.634383 2490325.096242 0.000000
587002.913285 2490326.741131 0.000000
586998.192186 2490328.386020 0.000000
586993.471088 2490330.030909 0.000000
586988.749990 2490331.675799 0.000000
586984.028891 2490333.320688 0.000000
586979.307793 2490334.965577 0.000000
586974.586695 2490336.610466 0.000000
586969.865597 2490338.255356 0.000000
586965.144498 2490339.900245 0.000000
586960.423400 2490341.545134 0.000000
586955.702302 2490343.190023 0.000000
586950.981203 2490344.834913 0.000000
586946.260105 2490346.479802 0.000000
586941.539007 2490348.124691 0.000000
586936.817908 2490349.769580 0.000000
586932.096810 2490351.414470 0.000000
586927.375712 2490353.059359 0.000000
586922.654613 2490354.704248 0.000000
586917.933515 2490356.349137 0.000000
586913.212417 2490357.994027 0.000000
586908.491318 2490359.638916 0.000000
586903.770220 2490361.283805 0.000000
586899.049122 2490362.928694 0.000000
586894.328024 2490364.573584 0.000000
586889.606925 2490366.218473 0.000000
586884.885827 2490367.863362 0.000000
586880.164729 2490369.508251 0.000000
586875.443630 2490371.153141 0.000000
586870.722532 2490372.798030 0.000000
586866.001434 2490374.442919 0.000000
586861.280335 2490376.087808 0.000000
586856.559237 2490377.732698 0.000000
586851.838139 2490379.377587 0.000000
586847.117040 2490381.022476 0.000000
586842.395942 2490382.667365 0.000000
586837.674844 2490384.312255 0.000000
586832.953745 2490385.957144 0.000000
586828.232647 2490387.602033 0.000000
586823.511549 2490389.246922 0.000000
586818.790451 2490390.891812 0.000000
586814.069352 2490392.536701 0.000000
586809.348254 2490394.181590 0.000000
586804.627156 2490395.826479 0.000000
586799.906057 2490397.471369 0.000000
586795.184959 2490399.116258 0.000000
586790.463861 2490400.761147 0.000000
586785.742762 2490402.406036 0.000000
586781.021664 2490404.050926 0.000000
586776.300566 2490405.695815 0.000000
586771.579467 2490407.340704 0.000000
586766.858369 2490408.985593 0.000000
586762.137271 2490410.630483 0.000000
586757.416172 2490412.275372 0.000000
586752.695074 2490413.920261 0.000000
586747.973976 2490415.565150 0.000000
586743.252878 2490417.210040 0.000000
586738.531779 2490418.854929 0.000000
586733.810681 2490420.499818 0.000000
586729.089583 2490422.144707 0.000000
586724.368484 2490423.789596 0.000000
586719.647386 2490425.434486 0.000000
586714.926288 2490427.079375 0.000000
586710.205189 2490428.724264 0.000000
586705.484091 2490430.369153 0.000000
586700.762993 2490432.014043 0.000000
586696.041894 2490433.658932 0.000000
586691.320796 2490435.303821 0.000000
586686.599698 2490436.948710 0.000000
586681.878599 2490438.593600 0.000000
586677.157501 2490440.238489 0.000000
586672.436403 2490441.883378 0.000000
586667.715304 2490443.528267 0.000000
586662.994206 2490445.173157 0.000000
586658.273108 2490446.818046 0.000000
586653.552010 2490448.462935 0.000000
586648.830911 2490450.107824 0.000000
586644.109813 2490451.752714 0.000000
586639.388715 2490453.397603 0.000000
586634.667616 2490455.042492 0.000000
586629.946518 2490456.687381 0.000000
586625.225420 2490458.332271 0.000000
586620.504321 2490459.977160 0.000000
586615.783223 2490461.622049 0.000000
586611.062125 2490463.266938 0.000000
586606.341026 2490464.911828 0.000000
586601.619928 2490466.556717 0.000000
586596.898830 2490468.201606 0.000000
586592.177731 2490469.846495 0.000000
586587.456633 2490471.491385 0.000000
586582.735535 2490473.136274 0.000000
586578.014437 2490474.781163 0.000000
586573.293338 2490476.426052 0.000000
586568.572240 2490478.070942 0.000000
586563.851142 2490479.715831 0.000000
586559.130043 2490481.360720 0.000000
586554.408945 2490483.005609 0.000000
586549.687847 2490484.650499 0.000000
586544.966748 2490486.295388 0.000000
586540.245650 2490487.940277 0.000000
586535.524552 2490489.585166 0.000000
586530.803453 2490491.230056 0.000000
586526.082355 2490492.874945 0.000000
586521.361257 2490494.519834 0.000000
586516.640158 2490496.164723 0.000000
586511.919060 2490497.809613 0.000000
586507.197962 2490499.454502 0.000000
586502.476864 2490501.099391 0.000000
586497.755765 2490502.744280 0.000000
586493.034667 2490504.389170 0.000000
586488.313569 2490506.034059 0.000000
586483.592470 2490507.678948 0.000000
586478.871372 2490509.323837 0.000000
586474.150274 2490510.968727 0.000000
586469.429175 2490512.613616 0.000000
586464.708077 2490514.258505 0.000000
586459.986979 2490515.903394 0.000000
586455.265880 2490517.548284 0.000000
586450.544782 2490519.193173 0.000000
586445.823684 2490520.838062 0.000000
586441.102585 2490522.482951 0.000000
586436.381487 2490524.127840 0.000000
586431.660389 2490525.772730 0.000000
586426.939291 2490527.417619 0.000000
586422.218192 2490529.062508 0.000000
586417.497094 2490530.707397 0.000000
586412.775996 2490532.352287 0.000000
586408.054897 2490533.997176 0.000000
586403.333799 2490535.642065 0.000000
586398.612701 2490537.286954 0.000000
586393.891602 2490538.931844 0.000000
586389.170504 2490540.576733 0.000000
586384.449406 2490542.221622 0.000000
586379.728307 2490543.866511 0.000000
586375.007209 2490545.511401 0.000000
586370.286111 2490547.156290 0.000000
586365.565012 2490548.801179 0.000000
586360.843914 2490550.446068 0.000000
586356.122816 2490552.090958 0.000000
586351.401718 2490553.735847 0.000000
586346.680619 2490555.380736 0.000000
586341.959521 2490557.025625 0.000000
586337.238423 2490558.670515 0.000000
586332.517324 2490560.315404 0.000000
586327.796226 2490561.960293 0.000000
586323.075128 2490563.605182 0.000000
586318.354029 2490565.250072 0.000000
586313.632931 2490566.894961 0.000000
586308.911833 2490568.539850 0.000000
586304.190734 2490570.184739 0.000000
586299.469636 2490571.829629 0.000000
586294.748538 2490573.474518 0.000000
586290.027439 2490575.119407 0.000000
586285.306341 2490576.764296 0.000000
586280.585243 2490578.409186 0.000000
586275.864144 2490580.054075 0.000000
586271.143046 2490581.698964 0.000000
586266.421948 2490583.343853 0.000000
586261.700850 2490584.988743 0.000000
586256.979751 2490586.633632 0.000000
586252.258653 2490588.278521 0.000000
586247.537555 2490589.923410 0.000000
586242.816456 2490591.568300 0.000000
586238.095358 2490593.213189 0.000000
586233.374260 2490594.858078 0.000000
586228.653161 2490596.502967 0.000000
586223.932063 2490598.147857 0.000000
586219.210965 2490599.792746 0.000000
586214.489866 2490601.437635 0.000000
586209.768768 2490603.082524 0.000000
586205.047670 2490604.727414 0.000000
586200.276248 2490606.184555 0.000000
586195.504827 2490607.641696 0.000000
586190.733406 2490609.098837 0.000000
586185.961985 2490610.555979 0.000000
586181.190563 2490612.013120 0.000000
586176.419142 2490613.470261 0.000000
586171.647721 2490614.927402 0.000000
586166.876299 2490616.384544 0.000000
586162.104878 2490617.841685 0.000000
586157.333457 2490619.298826 0.000000
586152.562035 2490620.755967 0.000000
586147.790614 2490622.213109 0.000000
586143.019193 2490623.670250 0.000000
586138.247771 2490625.127391 0.000000
586133.476350 2490626.584532 0.000000
586128.704929 2490628.041674 0.000000
586123.933507 2490629.498815 0.000000
586119.162086 2490630.955956 0.000000
586114.390665 2490632.413097 0.000000
586109.619243 2490633.870239 0.000000
586104.847822 2490635.327380 0.000000
586100.076401 2490636.784521 0.000000
586095.304980 2490638.241662 0.000000
586090.533558 2490639.698804 0.000000
586085.762137 2490641.155945 0.000000
586080.990716 2490642.613086 0.000000
586076.219294 2490644.070227 0.000000
586071.447873 2490645.527369 0.000000
586066.676452 2490646.984510 0.000000
586061.905030 2490648.441651 0.000000
586057.133609 2490649.898792 0.000000
586052.362188 2490651.355934 0.000000
586047.590766 2490652.813075 0.000000
586042.819345 2490654.270216 0.000000
586038.047924 2490655.727357 0.000000
586033.214598 2490656.960689 0.000000
586028.381272 2490658.194021 0.000000
586023.547946 2490659.427353 0.000000
586018.714620 2490660.660686 0.000000
586013.881294 2490661.894018 0.000000
586009.047968 2490663.127350 0.000000
586004.214642 2490664.360682 0.000000
585999.381316 2490665.594014 0.000000
585994.547990 2490666.827346 0.000000
585989.714664 2490668.060678 0.000000
585984.881338 2490669.294010 0.000000
585980.048012 2490670.527342 0.000000
585975.214686 2490671.760674 0.000000
585970.381360 2490672.994006 0.000000
585965.548033 2490674.227338 0.000000
585960.714707 2490675.460670 0.000000
585955.881381 2490676.694002 0.000000
585951.048055 2490677.927334 0.000000
585946.214729 2490679.160667 0.000000
585941.381403 2490680.393999 0.000000
585936.548077 2490681.627331 0.000000
585931.714751 2490682.860663 0.000000
585926.881425 2490684.093995 0.000000
585922.048099 2490685.327327 0.000000
585917.214773 2490686.560659 0.000000
585912.381447 2490687.793991 0.000000
585907.548121 2490689.027323 0.000000
585902.714795 2490690.260655 0.000000
585897.881469 2490691.493987 0.000000
585893.048143 2490692.727319 0.000000
585888.144305 2490693.669626 0.000000
585883.240466 2490694.611933 0.000000
585878.336627 2490695.554240 0.000000
585873.432788 2490696.496547 0.000000
585868.528949 2490697.438854 0.000000
585863.625111 2490698.381160 0.000000
585858.721272 2490699.323467 0.000000
585853.817433 2490700.265774 0.000000
585848.913594 2490701.208081 0.000000
585844.009756 2490702.150388 0.000000
585839.105917 2490703.092695 0.000000
585834.202078 2490704.035002 0.000000
585829.298239 2490704.977309 0.000000
585824.394401 2490705.919615 0.000000
585819.490562 2490706.861922 0.000000
585814.586723 2490707.804229 0.000000
585809.682884 2490708.746536 0.000000
585804.779046 2490709.688843 0.000000
585799.875207 2490710.631150 0.000000
585794.971368 2490711.573457 0.000000
585790.067529 2490712.515763 0.000000
585785.163690 2490713.458070 0.000000
585780.259852 2490714.400377 0.000000
585775.356013 2490715.342684 0.000000
585770.452174 2490716.284991 0.000000
585765.548335 2490717.227298 0.000000
585760.644497 2490718.169605 0.000000
585755.740658 2490719.111912 0.000000
585750.836819 2490720.054218 0.000000
585745.932980 2490720.996525 0.000000
585741.029142 2490721.938832 0.000000
585736.125303 2490722.881139 0.000000
585731.221464 2490723.823446 0.000000
585726.317625 2490724.765753 0.000000
585721.413787 2490725.708060 0.000000
585716.509948 2490726.650366 0.000000
585711.606109 2490727.592673 0.000000
585706.702270 2490728.534980 0.000000
585701.798431 2490729.477287 0.000000
585696.894593 2490730.419594 0.000000
585691.990754 2490731.361901 0.000000
585687.086915 2490732.304208 0.000000
585682.183076 2490733.246515 0.000000
585677.279238 2490734.188821 0.000000
585672.375399 2490735.131128 0.000000
585667.471560 2490736.073435 0.000000
585662.567721 2490737.015742 0.000000
585657.663883 2490737.958049 0.000000
585652.760044 2490738.900356 0.000000
585647.856205 2490739.842663 0.000000
585642.952366 2490740.784969 0.000000
585638.048528 2490741.727276 0.000000
585633.085572 2490742.393943 0.000000
585628.122616 2490743.060609 0.000000
585623.159661 2490743.727275 0.000000
585618.196705 2490744.393941 0.000000
585613.233750 2490745.060608 0.000000
585608.270794 2490745.727274 0.000000
585603.307839 2490746.393940 0.000000
585598.344883 2490747.060606 0.000000
585593.381928 2490747.727273 0.000000
585588.418972 2490748.393939 0.000000
585583.456017 2490749.060605 0.000000
585578.493061 2490749.727271 0.000000
585573.530106 2490750.393938 0.000000
585568.567150 2490751.060604 0.000000
585563.604195 2490751.727270 0.000000
585558.641239 2490752.393936 0.000000
585553.678284 2490753.060603 0.000000
585548.715328 2490753.727269 0.000000
585543.752373 2490754.393935 0.000000
585538.789417 2490755.060601 0.000000
585533.826462 2490755.727268 0.000000
585528.863506 2490756.393934 0.000000
585523.900551 2490757.060600 0.000000
585518.937595 2490757.727267 0.000000
585513.974640 2490758.393933 0.000000
585509.011684 2490759.060599 0.000000
585504.048728 2490759.727265 0.000000
585499.073736 2490760.152265 0.000000
585494.098743 2490760.577265 0.000000
585489.123751 2490761.002265 0.000000
585484.148758 2490761.427265 0.000000
585479.173766 2490761.852265 0.000000
585474.198773 2490762.277265 0.000000
585469.223781 2490762.702265 0.000000
585464.248788 2490763.127265 0.000000
585459.273795 2490763.552265 0.000000
585454.298803 2490763.977265 0.000000
585449.323810 2490764.402265 0.000000
585444.348818 2490764.827265 0.000000
585439.373825 2490765.252265 0.000000
585434.398833 2490765.677265 0.000000
585429.423840 2490766.102265 0.000000
585424.448847 2490766.527265 0.000000
585419.473855 2490766.952264 0.000000
585414.498862 2490767.377264 0.000000
585409.523870 2490767.802264 0.000000
585404.548877 2490768.227264 0.000000
585399.573885 2490768.652264 0.000000
585394.598892 2490769.077264 0.000000
585389.623899 2490769.502264 0.000000
585384.648907 2490769.927264 0.000000
585379.673914 2490770.352264 0.000000
585374.698922 2490770.777264 0.000000
585369.723929 2490771.202264 0.000000
585364.748937 2490771.627264 0.000000
585359.773944 2490772.052264 0.000000
585354.798951 2490772.477264 0.000000
585349.823959 2490772.902264 0.000000
585344.848966 2490773.327264 0.000000
585339.873974 2490773.752264 0.000000
585334.898981 2490774.177264 0.000000
585329.923989 2490774.602264 0.000000
585324.948996 2490775.027264 0.000000
585319.974004 2490775.452264 0.000000
585314.999011 2490775.877264 0.000000
585310.024018 2490776.302263 0.000000
585305.049026 2490776.727263 0.000000
585300.054780 2490776.985884 0.000000
585295.060535 2490777.244505 0.000000
585290.066290 2490777.503126 0.000000
585285.072044 2490777.761747 0.000000
585280.077799 2490778.020368 0.000000
585275.083553 2490778.278989 0.000000
585270.089308 2490778.537610 0.000000
585265.095062 2490778.796231 0.000000
585260.100817 2490779.054851 0.000000
585255.106571 2490779.313472 0.000000
585250.112326 2490779.572093 0.000000
585245.118081 2490779.830714 0.000000
585240.123835 2490780.089335 0.000000
585235.129590 2490780.347956 0.000000
585230.135344 2490780.606577 0.000000
585225.141099 2490780.865198 0.000000
585220.146853 2490781.123819 0.000000
585215.152608 2490781.382439 0.000000
585210.158363 2490781.641060 0.000000
585205.164117 2490781.899681 0.000000
585200.169872 2490782.158302 0.000000
585195.175626 2490782.416923 0.000000
585190.181381 2490782.675544 0.000000
585185.187135 2490782.934165 0.000000
585180.192890 2490783.192786 0.000000
585175.198645 2490783.451407 0.000000
585170.204399 2490783.710027 0.000000
585165.210154 2490783.968648 0.000000
585160.215908 2490784.227269 0.000000
585155.221663 2490784.485890 0.000000
585150.227417 2490784.744511 0.000000
585145.233172 2490785.003132 0.000000
585140.238927 2490785.261753 0.000000
585135.244681 2490785.520374 0.000000
585130.250436 2490785.778995 0.000000
585125.256190 2490786.037615 0.000000
585120.261945 2490786.296236 0.000000
585115.267699 2490786.554857 0.000000
585110.273454 2490786.813478 0.000000
585105.279209 2490787.072099 0.000000
585100.284963 2490787.330720 0.000000
585095.290718 2490787.589341 0.000000
585090.296472 2490787.847962 0.000000
585085.302227 2490788.106583 0.000000
585080.307981 2490788.365203 0.000000
585075.313736 2490788.623824 0.000000
585070.319491 2490788.882445 0.000000
585065.325245 2490789.141066 0.000000
585060.331000 2490789.399687 0.000000
585055.336754 2490789.658308 0.000000
585050.342509 2490789.916929 0.000000
585045.348263 2490790.175550 0.000000
585040.354018 2490790.434171 0.000000
585035.359772 2490790.692791 0.000000
585030.365527 2490790.951412 0.000000
585025.371282 2490791.210033 0.000000
585020.377036 2490791.468654 0.000000
585015.382791 2490791.727275 0.000000
585010.388545 2490791.985896 0.000000
585005.394300 2490792.244517 0.000000
585000.400054 2490792.503138 0.000000
584995.405809 2490792.761759 0.000000
584990.411564 2490793.020379 0.000000
584985.417318 2490793.279000 0.000000
584980.423073 2490793.537621 0.000000
584975.428827 2490793.796242 0.000000
584970.434582 2490794.054863 0.000000
584965.440336 2490794.313484 0.000000
584960.446091 2490794.572105 0.000000
584955.451846 2490794.830726 0.000000
584950.457600 2490795.089347 0.000000
584945.463355 2490795.347967 0.000000
584940.469109 2490795.606588 0.000000
584935.474864 2490795.865209 0.000000
584930.480618 2490796.123830 0.000000
584925.486373 2490796.382451 0.000000
584920.492128 2490796.641072 0.000000
584915.497882 2490796.899693 0.000000
584910.503637 2490797.158314 0.000000
584905.509391 2490797.416935 0.000000
584900.515146 2490797.675555 0.000000
584895.520900 2490797.934176 0.000000
584890.526655 2490798.192797 0.000000
584885.532410 2490798.451418 0.000000
584880.538164 2490798.710039 0.000000
584875.543919 2490798.968660 0.000000
584870.549673 2490799.227281 0.000000
584865.555428 2490799.485902 0.000000
584860.561182 2490799.744523 0.000000
584855.566937 2490800.003143 0.000000
584850.572692 2490800.261764 0.000000
584845.578446 2490800.520385 0.000000
584840.584201 2490800.779006 0.000000
584835.589955 2490801.037627 0.000000
584830.595710 2490801.296248 0.000000
584825.601464 2490801.554869 0.000000
584820.607219 2490801.813490 0.000000
584815.612973 2490802.072111 0.000000
584810.618728 2490802.330731 0.000000
584805.624483 2490802.589352 0.000000
584800.630237 2490802.847973 0.000000
584795.635992 2490803.106594 0.000000
584790.641746 2490803.365215 0.000000
584785.647501 2490803.623836 0.000000
584780.653255 2490803.882457 0.000000
584775.659010 2490804.141078 0.000000
584770.664765 2490804.399699 0.000000
584765.670519 2490804.658319 0.000000
584760.676274 2490804.916940 0.000000
584755.682028 2490805.175561 0.000000
584750.687783 2490805.434182 0.000000
584745.693537 2490805.692803 0.000000
584740.699292 2490805.951424 0.000000
584735.705047 2490806.210045 0.000000
584730.710801 2490806.468666 0.000000
584725.716556 2490806.727287 0.000000
584720.722310 2490806.985907 0.000000
584715.728065 2490807.244528 0.000000
584710.733819 2490807.503149 0.000000
584705.739574 2490807.761770 0.000000
584700.745329 2490808.020391 0.000000
584695.751083 2490808.279012 0.000000
584690.756838 2490808.537633 0.000000
584685.762592 2490808.796254 0.000000
584680.768347 2490809.054875 0.000000
584675.774101 2490809.313495 0.000000
584670.779856 2490809.572116 0.000000
584665.785611 2490809.830737 0.000000
584660.791365 2490810.089358 0.000000
584655.797120 2490810.347979 0.000000
584650.802874 2490810.606600 0.000000
584645.808629 2490810.865221 0.000000
584640.814383 2490811.123842 0.000000
584635.820138 2490811.382463 0.000000
584630.825892 2490811.641083 0.000000
584625.831647 2490811.899704 0.000000
584620.837402 2490812.158325 0.000000
584615.843156 2490812.416946 0.000000
584610.848911 2490812.675567 0.000000
584605.854665 2490812.934188 0.000000
584600.860420 2490813.192809 0.000000
584595.866174 2490813.451430 0.000000
584590.871929 2490813.710051 0.000000
584585.877684 2490813.968671 0.000000
584580.883438 2490814.227292 0.000000
584575.889193 2490814.485913 0.000000
584570.894947 2490814.744534 0.000000
584565.900702 2490815.003155 0.000000
584560.906456 2490815.261776 0.000000
584555.912211 2490815.520397 0.000000
584550.917966 2490815.779018 0.000000
584545.923720 2490816.037639 0.000000
584540.929475 2490816.296259 0.000000
584535.935229 2490816.554880 0.000000
584530.940984 2490816.813501 0.000000
584525.946738 2490817.072122 0.000000
584520.952493 2490817.330743 0.000000
584515.958248 2490817.589364 0.000000
584510.964002 2490817.847985 0.000000
584505.969757 2490818.106606 0.000000
584500.975511 2490818.365227 0.000000
584495.981266 2490818.623847 0.000000
584490.987020 2490818.882468 0.000000
584485.992775 2490819.141089 0.000000
584480.998530 2490819.399710 0.000000
584476.004284 2490819.658331 0.000000
584471.010039 2490819.916952 0.000000
584466.015793 2490820.175573 0.000000
584461.021548 2490820.434194 0.000000
584456.027302 2490820.692815 0.000000
584451.033057 2490820.951435 0.000000
584446.038812 2490821.210056 0.000000
584441.044566 2490821.468677 0.000000
584436.050321 2490821.727298 0.000000
584431.058875 2490821.855504 0.000000
584426.067430 2490821.983709 0.000000
584421.075984 2490822.111915 0.000000
584416.084538 2490822.240120 0.000000
584411.093093 2490822.368326 0.000000
584406.101647 2490822.496531 0.000000
584401.110202 2490822.624737 0.000000
584396.118756 2490822.752942 0.000000
584391.127311 2490822.881148 0.000000
584386.135865 2490823.009353 0.000000
584381.144419 2490823.137559 0.000000
584376.152974 2490823.265764 0.000000
584371.161528 2490823.393970 0.000000
584366.170083 2490823.522175 0.000000
584361.178637 2490823.650381 0.000000
584356.187192 2490823.778586 0.000000
584351.195746 2490823.906792 0.000000
584346.204300 2490824.034997 0.000000
584341.212855 2490824.163203 0.000000
584336.221409 2490824.291409 0.000000
584331.229964 2490824.419614 0.000000
584326.238518 2490824.547820 0.000000
584321.247073 2490824.676025 0.000000
584316.255627 2490824.804231 0.000000
584311.264181 2490824.932436 0.000000
584306.272736 2490825.060642 0.000000
584301.281290 2490825.188847 0.000000
584296.289845 2490825.317053 0.000000
584291.298399 2490825.445258 0.000000
584286.306954 2490825.573464 0.000000
584281.315508 2490825.701669 0.000000
584276.324062 2490825.829875 0.000000
584271.332617 2490825.958080 0.000000
584266.341171 2490826.086286 0.000000
584261.349726 2490826.214491 0.000000
584256.358280 2490826.342697 0.000000
584251.366835 2490826.470902 0.000000
584246.375389 2490826.599108 0.000000
584241.383943 2490826.727313 0.000000
584236.392498 2490826.855519 0.000000
584231.401052 2490826.983724 0.000000
584226.409607 2490827.111930 0.000000
584221.418161 2490827.240135 0.000000
584216.426716 2490827.368341 0.000000
584211.435270 2490827.496546 0.000000
584206.443824 2490827.624752 0.000000
584201.452379 2490827.752957 0.000000
584196.460933 2490827.881163 0.000000
584191.469488 2490828.009369 0.000000
584186.478042 2490828.137574 0.000000
584181.486597 2490828.265780 0.000000
584176.495151 2490828.393985 0.000000
584171.503705 2490828.522191 0.000000
584166.512260 2490828.650396 0.000000
584161.520814 2490828.778602 0.000000
584156.529369 2490828.906807 0.000000
584151.537923 2490829.035013 0.000000
584146.546478 2490829.163218 0.000000
584141.555032 2490829.291424 0.000000
584136.563586 2490829.419629 0.000000
584131.572141 2490829.547835 0.000000
584126.580695 2490829.676040 0.000000
584121.589250 2490829.804246 0.000000
584116.597804 2490829.932451 0.000000
584111.606359 2490830.060657 0.000000
584106.614913 2490830.188862 0.000000
584101.623468 2490830.317068 0.000000
584096.632022 2490830.445273 0.000000
584091.640576 2490830.573479 0.000000
584086.649131 2490830.701684 0.000000
584081.657685 2490830.829890 0.000000
584076.666240 2490830.958095 0.000000
584071.674794 2490831.086301 0.000000
584066.683349 2490831.214506 0.000000
584061.691903 2490831.342712 0.000000
584056.700457 2490831.470917 0.000000
584051.709012 2490831.599123 0.000000
584046.717566 2490831.727329 0.000000
584041.726121 2490831.855534 0.000000
584036.734675 2490831.983740 0.000000
584031.743230 2490832.111945 0.000000
584026.751784 2490832.240151 0.000000
584021.760338 2490832.368356 0.000000
584016.768893 2490832.496562 0.000000
584011.777447 2490832.624767 0.000000
584006.786002 2490832.752973 0.000000
584001.794556 2490832.881178 0.000000
583996.803111 2490833.009384 0.000000
583991.811665 2490833.137589 0.000000
583986.820219 2490833.265795 0.000000
583981.828774 2490833.394000 0.000000
583976.837328 2490833.522206 0.000000
583971.845883 2490833.650411 0.000000
583966.854437 2490833.778617 0.000000
583961.862992 2490833.906822 0.000000
583956.871546 2490834.035028 0.000000
583951.880100 2490834.163233 0.000000
583946.888655 2490834.291439 0.000000
583941.897209 2490834.419644 0.000000
583936.905764 2490834.547850 0.000000
583931.914318 2490834.676055 0.000000
583926.922873 2490834.804261 0.000000
583921.931427 2490834.932466 0.000000
583916.939981 2490835.060672 0.000000
583911.948536 2490835.188877 0.000000
583906.957090 2490835.317083 0.000000
583901.965645 2490835.445289 0.000000
583896.974199 2490835.573494 0.000000
583891.982754 2490835.701700 0.000000
583886.991308 2490835.829905 0.000000
583881.999862 2490835.958111 0.000000
583877.008417 2490836.086316 0.000000
583872.016971 2490836.214522 0.000000
583867.025526 2490836.342727 0.000000
583862.034080 2490836.470933 0.000000
583857.042635 2490836.599138 0.000000
583852.051189 2490836.727344 0.000000
583847.051196 2490836.716663 0.000000
583842.051204 2490836.705983 0.000000
583837.051211 2490836.695303 0.000000
583832.051219 2490836.684622 0.000000
583827.051226 2490836.673942 0.000000
583822.051234 2490836.663262 0.000000
583817.051241 2490836.652581 0.000000
583812.051248 2490836.641901 0.000000
583807.051256 2490836.631221 0.000000
583802.051263 2490836.620540 0.000000
583797.051271 2490836.609860 0.000000
583792.051278 2490836.599180 0.000000
583787.051285 2490836.588499 0.000000
583782.051293 2490836.577819 0.000000
583777.051300 2490836.567139 0.000000
583772.051308 2490836.556458 0.000000
583767.051315 2490836.545778 0.000000
583762.051323 2490836.535098 0.000000
583757.051330 2490836.524418 0.000000
583752.051337 2490836.513737 0.000000
583747.051345 2490836.503057 0.000000
583742.051352 2490836.492377 0.000000
583737.051360 2490836.481696 0.000000
583732.051367 2490836.471016 0.000000
583727.051375 2490836.460336 0.000000
583722.051382 2490836.449655 0.000000
583717.051389 2490836.438975 0.000000
583712.051397 2490836.428295 0.000000
583707.051404 2490836.417614 0.000000
583702.051412 2490836.406934 0.000000
583697.051419 2490836.396254 0.000000
583692.051426 2490836.385573 0.000000
583687.051434 2490836.374893 0.000000
583682.051441 2490836.364213 0.000000
583677.051449 2490836.353532 0.000000
583672.051456 2490836.342852 0.000000
583667.051464 2490836.332172 0.000000
583662.051471 2490836.321491 0.000000
583657.051478 2490836.310811 0.000000
583652.051486 2490836.300131 0.000000
583647.051493 2490836.289450 0.000000
583642.051501 2490836.278770 0.000000
583637.051508 2490836.268090 0.000000
583632.051516 2490836.257409 0.000000
583627.051523 2490836.246729 0.000000
583622.051530 2490836.236049 0.000000
583617.051538 2490836.225368 0.000000
583612.051545 2490836.214688 0.000000
583607.051553 2490836.204008 0.000000
583602.051560 2490836.193327 0.000000
583597.051567 2490836.182647 0.000000
583592.051575 2490836.171967 0.000000
583587.051582 2490836.161286 0.000000
583582.051590 2490836.150606 0.000000
583577.051597 2490836.139926 0.000000
583572.051605 2490836.129245 0.000000
583567.051612 2490836.118565 0.000000
583562.051619 2490836.107885 0.000000
583557.051627 2490836.097204 0.000000
583552.051634 2490836.086524 0.000000
583547.051642 2490836.075844 0.000000
583542.051649 2490836.065164 0.000000
583537.051656 2490836.054483 0.000000
583532.051664 2490836.043803 0.000000
583527.051671 2490836.033123 0.000000
583522.051679 2490836.022442 0.000000
583517.051686 2490836.011762 0.000000
583512.051694 2490836.001082 0.000000
583507.051701 2490835.990401 0.000000
583502.051708 2490835.979721 0.000000
583497.051716 2490835.969041 0.000000
583492.051723 2490835.958360 0.000000
583487.051731 2490835.947680 0.000000
583482.051738 2490835.937000 0.000000
583477.051746 2490835.926319 0.000000
583472.051753 2490835.915639 0.000000
583467.051760 2490835.904959 0.000000
583462.051768 2490835.894278 0.000000
583457.051775 2490835.883598 0.000000
583452.051783 2490835.872918 0.000000
583447.051790 2490835.862237 0.000000
583442.051797 2490835.851557 0.000000
583437.051805 2490835.840877 0.000000
583432.051812 2490835.830196 0.000000
583427.051820 2490835.819516 0.000000
583422.051827 2490835.808836 0.000000
583417.051835 2490835.798155 0.000000
583412.051842 2490835.787475 0.000000
583407.051849 2490835.776795 0.000000
583402.051857 2490835.766114 0.000000
583397.051864 2490835.755434 0.000000
583392.051872 2490835.744754 0.000000
583387.051879 2490835.734073 0.000000
583382.051886 2490835.723393 0.000000
583377.051894 2490835.712713 0.000000
583372.051901 2490835.702032 0.000000
583367.051909 2490835.691352 0.000000
583362.051916 2490835.680672 0.000000
583357.051924 2490835.669991 0.000000
583352.051931 2490835.659311 0.000000
583347.051938 2490835.648631 0.000000
583342.051946 2490835.637950 0.000000
583337.051953 2490835.627270 0.000000
583332.051961 2490835.616590 0.000000
583327.051968 2490835.605910 0.000000
583322.051976 2490835.595229 0.000000
583317.051983 2490835.584549 0.000000
583312.051990 2490835.573869 0.000000
583307.051998 2490835.563188 0.000000
583302.052005 2490835.552508 0.000000
583297.052013 2490835.541828 0.000000
583292.052020 2490835.531147 0.000000
583287.052027 2490835.520467 0.000000
583282.052035 2490835.509787 0.000000
583277.052042 2490835.499106 0.000000
583272.052050 2490835.488426 0.000000
583267.052057 2490835.477746 0.000000
583262.052065 2490835.467065 0.000000
583257.052072 2490835.456385 0.000000
583252.052079 2490835.445705 0.000000
583247.052087 2490835.435024 0.000000
583242.052094 2490835.424344 0.000000
583237.052102 2490835.413664 0.000000
583232.052109 2490835.402983 0.000000
583227.052117 2490835.392303 0.000000
583222.052124 2490835.381623 0.000000
583217.052131 2490835.370942 0.000000
583212.052139 2490835.360262 0.000000
583207.052146 2490835.349582 0.000000
583202.052154 2490835.338901 0.000000
583197.052161 2490835.328221 0.000000
583192.052168 2490835.317541 0.000000
583187.052176 2490835.306860 0.000000
583182.052183 2490835.296180 0.000000
583177.052191 2490835.285500 0.000000
583172.052198 2490835.274819 0.000000
583167.052206 2490835.264139 0.000000
583162.052213 2490835.253459 0.000000
583157.052220 2490835.242778 0.000000
583152.052228 2490835.232098 0.000000
583147.052235 2490835.221418 0.000000
583142.052243 2490835.210737 0.000000
583137.052250 2490835.200057 0.000000
583132.052257 2490835.189377 0.000000
583127.052265 2490835.178696 0.000000
583122.052272 2490835.168016 0.000000
583117.052280 2490835.157336 0.000000
583112.052287 2490835.146656 0.000000
583107.052295 2490835.135975 0.000000
583102.052302 2490835.125295 0.000000
583097.052309 2490835.114615 0.000000
583092.052317 2490835.103934 0.000000
583087.052324 2490835.093254 0.000000
583082.052332 2490835.082574 0.000000
583077.052339 2490835.071893 0.000000
583072.052347 2490835.061213 0.000000
583067.052354 2490835.050533 0.000000
583062.052361 2490835.039852 0.000000
583057.052369 2490835.029172 0.000000
583052.052376 2490835.018492 0.000000
583047.052384 2490835.007811 0.000000
583042.052391 2490834.997131 0.000000
583037.052398 2490834.986451 0.000000
583032.052406 2490834.975770 0.000000
583027.052413 2490834.965090 0.000000
583022.052421 2490834.954410 0.000000
583017.052428 2490834.943729 0.000000
583012.052436 2490834.933049 0.000000
583007.052443 2490834.922369 0.000000
583002.052450 2490834.911688 0.000000
582997.052458 2490834.901008 0.000000
582992.052465 2490834.890328 0.000000
582987.052473 2490834.879647 0.000000
582982.052480 2490834.868967 0.000000
582977.052487 2490834.858287 0.000000
582972.052495 2490834.847606 0.000000
582967.052502 2490834.836926 0.000000
582962.052510 2490834.826246 0.000000
582957.052517 2490834.815565 0.000000
582952.052525 2490834.804885 0.000000
582947.052532 2490834.794205 0.000000
582942.052539 2490834.783524 0.000000
582937.052547 2490834.772844 0.000000
582932.052554 2490834.762164 0.000000
582927.052562 2490834.751483 0.000000
582922.052569 2490834.740803 0.000000
582917.052577 2490834.730123 0.000000
582912.052584 2490834.719443 0.000000
582907.052591 2490834.708762 0.000000
582902.052599 2490834.698082 0.000000
582897.052606 2490834.687402 0.000000
582892.052614 2490834.676721 0.000000
582887.052621 2490834.666041 0.000000
582882.052628 2490834.655361 0.000000
582877.052636 2490834.644680 0.000000
582872.052643 2490834.634000 0.000000
582867.052651 2490834.623320 0.000000
582862.052658 2490834.612639 0.000000
582857.052666 2490834.601959 0.000000
582852.052673 2490834.591279 0.000000
582847.052680 2490834.580598 0.000000
582842.052688 2490834.569918 0.000000
582837.052695 2490834.559238 0.000000
582832.052703 2490834.548557 0.000000
582827.052710 2490834.537877 0.000000
582822.052717 2490834.527197 0.000000
582817.052725 2490834.516516 0.000000
582812.052732 2490834.505836 0.000000
582807.052740 2490834.495156 0.000000
582802.052747 2490834.484475 0.000000
582797.052755 2490834.473795 0.000000
582792.052762 2490834.463115 0.000000
582787.052769 2490834.452434 0.000000
582782.052777 2490834.441754 0.000000
582777.052784 2490834.431074 0.000000
582772.052792 2490834.420393 0.000000
582767.052799 2490834.409713 0.000000
582762.052807 2490834.399033 0.000000
582757.052814 2490834.388352 0.000000
582752.052821 2490834.377672 0.000000
582747.052829 2490834.366992 0.000000
582742.052836 2490834.356311 0.000000
582737.052844 2490834.345631 0.000000
582732.052851 2490834.334951 0.000000
582727.052858 2490834.324270 0.000000
582722.052866 2490834.313590 0.000000
582717.052873 2490834.302910 0.000000
582712.052881 2490834.292229 0.000000
582707.052888 2490834.281549 0.000000
582702.052896 2490834.270869 0.000000
582697.052903 2490834.260189 0.000000
582692.052910 2490834.249508 0.000000
582687.052918 2490834.238828 0.000000
582682.052925 2490834.228148 0.000000
582677.052933 2490834.217467 0.000000
582672.052940 2490834.206787 0.000000
582667.052948 2490834.196107 0.000000
582662.052955 2490834.185426 0.000000
582657.052962 2490834.174746 0.000000
582652.052970 2490834.164066 0.000000
582647.052977 2490834.153385 0.000000
582642.052985 2490834.142705 0.000000
582637.052992 2490834.132025 0.000000
582632.052999 2490834.121344 0.000000
582627.053007 2490834.110664 0.000000
582622.053014 2490834.099984 0.000000
582617.053022 2490834.089303 0.000000
582612.053029 2490834.078623 0.000000
582607.053037 2490834.067943 0.000000
582602.053044 2490834.057262 0.000000
582597.053051 2490834.046582 0.000000
582592.053059 2490834.035902 0.000000
582587.053066 2490834.025221 0.000000
582582.053074 2490834.014541 0.000000
582577.053081 2490834.003861 0.000000
582572.053088 2490833.993180 0.000000
582567.053096 2490833.982500 0.000000
582562.053103 2490833.971820 0.000000
582557.053111 2490833.961139 0.000000
582552.053118 2490833.950459 0.000000
582547.053126 2490833.939779 0.000000
582542.053133 2490833.929098 0.000000
582537.053140 2490833.918418 0.000000
582532.053148 2490833.907738 0.000000
582527.053155 2490833.897057 0.000000
582522.053163 2490833.886377 0.000000
582517.053170 2490833.875697 0.000000
582512.053178 2490833.865016 0.000000
582507.053185 2490833.854336 0.000000
582502.053192 2490833.843656 0.000000
582497.053200 2490833.832975 0.000000
582492.053207 2490833.822295 0.000000
582487.053215 2490833.811615 0.000000
582482.053222 2490833.800935 0.000000
582477.053229 2490833.790254 0.000000
582472.053237 2490833.779574 0.000000
582467.053244 2490833.768894 0.000000
582462.053252 2490833.758213 0.000000
582457.053259 2490833.747533 0.000000
582452.053267 2490833.736853 0.000000
582447.053274 2490833.726172 0.000000
582442.053281 2490833.715492 0.000000
582437.053289 2490833.704812 0.000000
582432.053296 2490833.694131 0.000000
582427.053304 2490833.683451 0.000000
582422.053311 2490833.672771 0.000000
582417.053318 2490833.662090 0.000000
582412.053326 2490833.651410 0.000000
582407.053333 2490833.640730 0.000000
582402.053341 2490833.630049 0.000000
582397.053348 2490833.619369 0.000000
582392.053356 2490833.608689 0.000000
582387.053363 2490833.598008 0.000000
582382.053370 2490833.587328 0.000000
582377.053378 2490833.576648 0.000000
582372.053385 2490833.565967 0.000000
582367.053393 2490833.555287 0.000000
582362.053400 2490833.544607 0.000000
582357.053408 2490833.533926 0.000000
582352.053415 2490833.523246 0.000000
582347.053422 2490833.512566 0.000000
582342.053430 2490833.501885 0.000000
582337.053437 2490833.491205 0.000000
582332.053445 2490833.480525 0.000000
582327.053452 2490833.469844 0.000000
582322.053459 2490833.459164 0.000000
582317.053467 2490833.448484 0.000000
582312.053474 2490833.437803 0.000000
582307.053482 2490833.427123 0.000000
582302.053489 2490833.416443 0.000000
582297.053497 2490833.405762 0.000000
582292.053504 2490833.395082 0.000000
582287.053511 2490833.384402 0.000000
582282.053519 2490833.373722 0.000000
582277.053526 2490833.363041 0.000000
582272.053534 2490833.352361 0.000000
582267.053541 2490833.341681 0.000000
582262.053549 2490833.331000 0.000000
582257.053556 2490833.320320 0.000000
582252.053563 2490833.309640 0.000000
582247.053571 2490833.298959 0.000000
582242.053578 2490833.288279 0.000000
582237.053586 2490833.277599 0.000000
582232.053593 2490833.266918 0.000000
582227.053600 2490833.256238 0.000000
582222.053608 2490833.245558 0.000000
582217.053615 2490833.234877 0.000000
582212.053623 2490833.224197 0.000000
582207.053630 2490833.213517 0.000000
582202.053638 2490833.202836 0.000000
582197.053645 2490833.192156 0.000000
582192.053652 2490833.181476 0.000000
582187.053660 2490833.170795 0.000000
582182.053667 2490833.160115 0.000000
582177.053675 2490833.149435 0.000000
582172.053682 2490833.138754 0.000000
582167.053689 2490833.128074 0.000000
582162.053697 2490833.117394 0.000000
582157.053704 2490833.106713 0.000000
582152.053712 2490833.096033 0.000000
582147.053719 2490833.085353 0.000000
582142.053727 2490833.074672 0.000000
582137.053734 2490833.063992 0.000000
582132.053741 2490833.053312 0.000000
582127.053749 2490833.042631 0.000000
582122.053756 2490833.031951 0.000000
582117.053764 2490833.021271 0.000000
582112.053771 2490833.010590 0.000000
582107.053779 2490832.999910 0.000000
582102.053786 2490832.989230 0.000000
582097.053793 2490832.978549 0.000000
582092.053801 2490832.967869 0.000000
582087.053808 2490832.957189 0.000000
582082.053816 2490832.946508 0.000000
582077.053823 2490832.935828 0.000000
582072.053830 2490832.925148 0.000000
582067.053838 2490832.914468 0.000000
582062.053845 2490832.903787 0.000000
582057.053853 2490832.893107 0.000000
582052.053860 2490832.882427 0.000000
582047.053868 2490832.871746 0.000000
582042.053875 2490832.861066 0.000000
582037.053882 2490832.850386 0.000000
582032.053890 2490832.839705 0.000000
582027.053897 2490832.829025 0.000000
582022.053905 2490832.818345 0.000000
582017.053912 2490832.807664 0.000000
582012.053919 2490832.796984 0.000000
582007.053927 2490832.786304 0.000000
582002.053934 2490832.775623 0.000000
581997.053942 2490832.764943 0.000000
581992.053949 2490832.754263 0.000000
581987.053957 2490832.743582 0.000000
581982.053964 2490832.732902 0.000000
581977.053971 2490832.722222 0.000000
581972.053979 2490832.711541 0.000000
581967.053986 2490832.700861 0.000000
581962.053994 2490832.690181 0.000000
581957.054001 2490832.679500 0.000000
581952.054009 2490832.668820 0.000000
581947.054016 2490832.658140 0.000000
581942.054023 2490832.647459 0.000000
581937.054031 2490832.636779 0.000000
581932.054038 2490832.626099 0.000000
581927.054046 2490832.615418 0.000000
581922.054053 2490832.604738 0.000000
581917.054060 2490832.594058 0.000000
581912.054068 2490832.583377 0.000000
581907.054075 2490832.572697 0.000000
581902.054083 2490832.562017 0.000000
581897.054090 2490832.551336 0.000000
581892.054098 2490832.540656 0.000000
581887.054105 2490832.529976 0.000000
581882.054112 2490832.519295 0.000000
581877.054120 2490832.508615 0.000000
581872.054127 2490832.497935 0.000000
581867.054135 2490832.487254 0.000000
581862.054142 2490832.476574 0.000000
581857.054150 2490832.465894 0.000000
581852.054157 2490832.455214 0.000000
581847.054164 2490832.444533 0.000000
581842.054172 2490832.433853 0.000000
581837.054179 2490832.423173 0.000000
581832.054187 2490832.412492 0.000000
581827.054194 2490832.401812 0.000000
581822.054201 2490832.391132 0.000000
581817.054209 2490832.380451 0.000000
581812.054216 2490832.369771 0.000000
581807.054224 2490832.359091 0.000000
581802.054231 2490832.348410 0.000000
581797.054239 2490832.337730 0.000000
581792.054246 2490832.327050 0.000000
581787.054253 2490832.316369 0.000000
581782.054261 2490832.305689 0.000000
581777.054268 2490832.295009 0.000000
581772.054276 2490832.284328 0.000000
581767.054283 2490832.273648 0.000000
581762.054290 2490832.262968 0.000000
581757.054298 2490832.252287 0.000000
581752.054305 2490832.241607 0.000000
581747.054313 2490832.230927 0.000000
581742.054320 2490832.220246 0.000000
581737.054328 2490832.209566 0.000000
581732.054335 2490832.198886 0.000000
581727.054342 2490832.188205 0.000000
581722.054350 2490832.177525 0.000000
581717.054357 2490832.166845 0.000000
581712.054365 2490832.156164 0.000000
581707.054372 2490832.145484 0.000000
581702.054380 2490832.134804 0.000000
581697.054387 2490832.124123 0.000000
581692.054394 2490832.113443 0.000000
581687.054402 2490832.102763 0.000000
581682.054409 2490832.092082 0.000000
581677.054417 2490832.081402 0.000000
581672.054424 2490832.070722 0.000000
581667.054431 2490832.060041 0.000000
581662.054439 2490832.049361 0.000000
581657.054446 2490832.038681 0.000000
581652.054454 2490832.028001 0.000000
581647.054461 2490832.017320 0.000000
581642.054469 2490832.006640 0.000000
581637.054476 2490831.995960 0.000000
581632.054483 2490831.985279 0.000000
581627.054491 2490831.974599 0.000000
581622.054498 2490831.963919 0.000000
581617.054506 2490831.953238 0.000000
581612.054513 2490831.942558 0.000000
581607.054520 2490831.931878 0.000000
581602.054528 2490831.921197 0.000000
581597.054535 2490831.910517 0.000000
581592.054543 2490831.899837 0.000000
581587.054550 2490831.889156 0.000000
581582.054558 2490831.878476 0.000000
581577.054565 2490831.867796 0.000000
581572.054572 2490831.857115 0.000000
581567.054580 2490831.846435 0.000000
581562.054587 2490831.835755 0.000000
581557.054595 2490831.825074 0.000000
581552.054602 2490831.814394 0.000000
581547.054610 2490831.803714 0.000000
581542.054617 2490831.793033 0.000000
581537.054624 2490831.782353 0.000000
581532.054632 2490831.771673 0.000000
581527.054639 2490831.760992 0.000000
581522.054647 2490831.750312 0.000000
581517.054654 2490831.739632 0.000000
581512.054661 2490831.728951 0.000000
581507.054669 2490831.718271 0.000000
581502.054676 2490831.707591 0.000000
581497.054684 2490831.696910 0.000000
581492.054691 2490831.686230 0.000000
581487.054699 2490831.675550 0.000000
581482.054706 2490831.664869 0.000000
581477.054713 2490831.654189 0.000000
581472.054721 2490831.643509 0.000000
581467.054728 2490831.632828 0.000000
581462.054736 2490831.622148 0.000000
581457.054743 2490831.611468 0.000000
581452.054751 2490831.600787 0.000000
581447.054758 2490831.590107 0.000000
581442.054765 2490831.579427 0.000000
581437.054773 2490831.568747 0.000000
581432.054780 2490831.558066 0.000000
581427.054788 2490831.547386 0.000000
581422.054795 2490831.536706 0.000000
581417.054802 2490831.526025 0.000000
581412.054810 2490831.515345 0.000000
581407.054817 2490831.504665 0.000000
581402.054825 2490831.493984 0.000000
581397.054832 2490831.483304 0.000000
581392.054840 2490831.472624 0.000000
581387.054847 2490831.461943 0.000000
581382.054854 2490831.451263 0.000000
581377.054862 2490831.440583 0.000000
581372.054869 2490831.429902 0.000000
581367.054877 2490831.419222 0.000000
581362.054884 2490831.408542 0.000000
581357.054891 2490831.397861 0.000000
581352.054899 2490831.387181 0.000000
581347.054906 2490831.376501 0.000000
581342.054914 2490831.365820 0.000000
581337.054921 2490831.355140 0.000000
581332.054929 2490831.344460 0.000000
581327.054936 2490831.333779 0.000000
581322.054943 2490831.323099 0.000000
581317.054951 2490831.312419 0.000000
581312.054958 2490831.301738 0.000000
581307.054966 2490831.291058 0.000000
581302.054973 2490831.280378 0.000000
581297.054981 2490831.269697 0.000000
581292.054988 2490831.259017 0.000000
581287.054995 2490831.248337 0.000000
581282.055003 2490831.237656 0.000000
581277.055010 2490831.226976 0.000000
581272.055018 2490831.216296 0.000000
581267.055025 2490831.205615 0.000000
581262.055032 2490831.194935 0.000000
581257.055040 2490831.184255 0.000000
581252.055047 2490831.173574 0.000000
581247.055055 2490831.162894 0.000000
581242.055062 2490831.152214 0.000000
581237.055070 2490831.141533 0.000000
581232.055077 2490831.130853 0.000000
581227.055084 2490831.120173 0.000000
581222.055092 2490831.109493 0.000000
581217.055099 2490831.098812 0.000000
581212.055107 2490831.088132 0.000000
581207.055114 2490831.077452 0.000000
581202.055121 2490831.066771 0.000000
581197.055129 2490831.056091 0.000000
581192.055136 2490831.045411 0.000000
581187.055144 2490831.034730 0.000000
581182.055151 2490831.024050 0.000000
581177.055159 2490831.013370 0.000000
581172.055166 2490831.002689 0.000000
581167.055173 2490830.992009 0.000000
581162.055181 2490830.981329 0.000000
581157.055188 2490830.970648 0.000000
581152.055196 2490830.959968 0.000000
581147.055203 2490830.949288 0.000000
581142.055211 2490830.938607 0.000000
581137.055218 2490830.927927 0.000000
581132.055225 2490830.917247 0.000000
581127.055233 2490830.906566 0.000000
581122.055240 2490830.895886 0.000000
581117.055248 2490830.885206 0.000000
581112.055255 2490830.874525 0.000000
581107.055262 2490830.863845 0.000000
581102.055270 2490830.853165 0.000000
581097.055277 2490830.842484 0.000000
581092.055285 2490830.831804 0.000000
581087.055292 2490830.821124 0.000000
581082.055300 2490830.810443 0.000000
581077.055307 2490830.799763 0.000000
581072.055314 2490830.789083 0.000000
581067.055322 2490830.778402 0.000000
581062.055329 2490830.767722 0.000000
581057.055337 2490830.757042 0.000000
581052.055344 2490830.746361 0.000000
581047.055352 2490830.735681 0.000000
581042.055359 2490830.725001 0.000000
581037.055366 2490830.714320 0.000000
581032.055374 2490830.703640 0.000000
581027.055381 2490830.692960 0.000000
581022.055389 2490830.682280 0.000000
581017.055396 2490830.671599 0.000000
581012.055403 2490830.660919 0.000000
581007.055411 2490830.650239 0.000000
581002.055418 2490830.639558 0.000000
580997.055426 2490830.628878 0.000000
580992.055433 2490830.618198 0.000000
580987.055441 2490830.607517 0.000000
580982.055448 2490830.596837 0.000000
580977.055455 2490830.586157 0.000000
580972.055463 2490830.575476 0.000000
580967.055470 2490830.564796 0.000000
580962.055478 2490830.554116 0.000000
580957.055485 2490830.543435 0.000000
580952.055492 2490830.532755 0.000000
580947.055500 2490830.522075 0.000000
580942.055507 2490830.511394 0.000000
580937.055515 2490830.500714 0.000000
580932.055522 2490830.490034 0.000000
580927.055530 2490830.479353 0.000000
580922.055537 2490830.468673 0.000000
580917.055544 2490830.457993 0.000000
580912.055552 2490830.447312 0.000000
580907.055559 2490830.436632 0.000000
580902.055567 2490830.425952 0.000000
580897.055574 2490830.415271 0.000000
580892.055582 2490830.404591 0.000000
580887.055589 2490830.393911 0.000000
580882.055596 2490830.383230 0.000000
580877.055604 2490830.372550 0.000000
580872.055611 2490830.361870 0.000000
580867.055619 2490830.351189 0.000000
580862.055626 2490830.340509 0.000000
580857.055633 2490830.329829 0.000000
580852.055641 2490830.319148 0.000000
580847.055648 2490830.308468 0.000000
580842.055656 2490830.297788 0.000000
580837.055663 2490830.287107 0.000000
580832.055671 2490830.276427 0.000000
580827.055678 2490830.265747 0.000000
580822.055685 2490830.255066 0.000000
580817.055693 2490830.244386 0.000000
580812.055700 2490830.233706 0.000000
580807.055708 2490830.223026 0.000000
580802.055715 2490830.212345 0.000000
580797.055722 2490830.201665 0.000000
580792.055730 2490830.190985 0.000000
580787.055737 2490830.180304 0.000000
580782.055745 2490830.169624 0.000000
580777.055752 2490830.158944 0.000000
580772.055760 2490830.148263 0.000000
580767.055767 2490830.137583 0.000000
580762.055774 2490830.126903 0.000000
580757.055782 2490830.116222 0.000000
580752.055789 2490830.105542 0.000000
580747.055797 2490830.094862 0.000000
580742.055804 2490830.084181 0.000000
580737.055812 2490830.073501 0.000000
580732.055819 2490830.062821 0.000000
580727.055826 2490830.052140 0.000000
580722.055834 2490830.041460 0.000000
580717.055841 2490830.030780 0.000000
580712.055849 2490830.020099 0.000000
580707.055856 2490830.009419 0.000000
580702.055863 2490829.998739 0.000000
580697.055871 2490829.988058 0.000000
580692.055878 2490829.977378 0.000000
580687.055886 2490829.966698 0.000000
580682.055893 2490829.956017 0.000000
580677.055901 2490829.945337 0.000000
580672.055908 2490829.934657 0.000000
580667.055915 2490829.923976 0.000000
580662.055923 2490829.913296 0.000000
580657.055930 2490829.902616 0.000000
580652.055938 2490829.891935 0.000000
580647.055945 2490829.881255 0.000000
580642.055952 2490829.870575 0.000000
580637.055960 2490829.859894 0.000000
580632.055967 2490829.849214 0.000000
580627.055975 2490829.838534 0.000000
580622.055982 2490829.827853 0.000000
580617.055990 2490829.817173 0.000000
580612.055997 2490829.806493 0.000000
580607.056004 2490829.795812 0.000000
580602.056012 2490829.785132 0.000000
580597.056019 2490829.774452 0.000000
580592.056027 2490829.763772 0.000000
580587.056034 2490829.753091 0.000000
580582.056042 2490829.742411 0.000000
580577.056049 2490829.731731 0.000000
580572.056056 2490829.721050 0.000000
580567.056064 2490829.710370 0.000000
580562.056071 2490829.699690 0.000000
580557.056079 2490829.689009 0.000000
580552.056086 2490829.678329 0.000000
580547.056093 2490829.667649 0.000000
580542.056101 2490829.656968 0.000000
580537.056108 2490829.646288 0.000000
580532.056116 2490829.635608 0.000000
580527.056123 2490829.624927 0.000000
580522.056131 2490829.614247 0.000000
580517.056138 2490829.603567 0.000000
580512.056145 2490829.592886 0.000000
580507.056153 2490829.582206 0.000000
580502.056160 2490829.571526 0.000000
580497.056168 2490829.560845 0.000000
580492.056175 2490829.550165 0.000000
580487.056183 2490829.539485 0.000000
580482.056190 2490829.528804 0.000000
580477.056197 2490829.518124 0.000000
580472.056205 2490829.507444 0.000000
580467.056212 2490829.496763 0.000000
580462.056220 2490829.486083 0.000000
580457.056227 2490829.475403 0.000000
580452.056234 2490829.464722 0.000000
580447.056242 2490829.454042 0.000000
580442.056249 2490829.443362 0.000000
580437.056257 2490829.432681 0.000000
580432.056264 2490829.422001 0.000000
580427.056272 2490829.411321 0.000000
580422.056279 2490829.400640 0.000000
580417.056286 2490829.389960 0.000000
580412.056294 2490829.379280 0.000000
580407.056301 2490829.368599 0.000000
580402.056309 2490829.357919 0.000000
580397.056316 2490829.347239 0.000000
580392.056323 2490829.336559 0.000000
580387.056331 2490829.325878 0.000000
580382.056338 2490829.315198 0.000000
580377.056346 2490829.304518 0.000000
580372.056353 2490829.293837 0.000000
580367.056361 2490829.283157 0.000000
580362.056368 2490829.272477 0.000000
580357.056375 2490829.261796 0.000000
580352.056383 2490829.251116 0.000000
580347.056390 2490829.240436 0.000000
580342.056398 2490829.229755 0.000000
580337.056405 2490829.219075 0.000000
580332.056413 2490829.208395 0.000000
580327.056420 2490829.197714 0.000000
580322.056427 2490829.187034 0.000000
580317.056435 2490829.176354 0.000000
580312.056442 2490829.165673 0.000000
580307.056450 2490829.154993 0.000000
580302.056457 2490829.144313 0.000000
580297.056464 2490829.133632 0.000000
580292.056472 2490829.122952 0.000000
580287.056479 2490829.112272 0.000000
580282.056487 2490829.101591 0.000000
580277.056494 2490829.090911 0.000000
580272.056502 2490829.080231 0.000000
580267.056509 2490829.069550 0.000000
580262.056516 2490829.058870 0.000000
580257.056524 2490829.048190 0.000000
580252.056531 2490829.037509 0.000000
580247.056539 2490829.026829 0.000000
580242.056546 2490829.016149 0.000000
580237.056553 2490829.005468 0.000000
580232.056561 2490828.994788 0.000000
580227.056568 2490828.984108 0.000000
580222.056576 2490828.973427 0.000000
580217.056583 2490828.962747 0.000000
580212.056591 2490828.952067 0.000000
580207.056598 2490828.941386 0.000000
580202.056605 2490828.930706 0.000000
580197.056613 2490828.920026 0.000000
580192.056620 2490828.909345 0.000000
580187.056628 2490828.898665 0.000000
580182.056635 2490828.887985 0.000000
580177.056643 2490828.877305 0.000000
580172.056650 2490828.866624 0.000000
580167.056657 2490828.855944 0.000000
580162.056665 2490828.845264 0.000000
580157.056672 2490828.834583 0.000000
580152.056680 2490828.823903 0.000000
580147.056687 2490828.813223 0.000000
580142.056694 2490828.802542 0.000000
580137.056702 2490828.791862 0.000000
580132.056709 2490828.781182 0.000000
580127.056717 2490828.770501 0.000000
580122.056724 2490828.759821 0.000000
580117.056732 2490828.749141 0.000000
580112.056739 2490828.738460 0.000000
580107.056746 2490828.727780 0.000000
