FFASCI 0 1 "LINES" 0 1e+10
FFATTR 0 1
->1
608471.012590 2476942.744914 0.000000
608466.212598 2476944.144912 0.000000
608461.412605 2476945.544911 0.000000
608456.612613 2476946.944910 0.000000
608451.812620 2476948.344908 0.000000
608447.012628 2476949.744907 0.000000
608442.212635 2476951.144905 0.000000
608437.412642 2476952.544904 0.000000
608432.612650 2476953.944903 0.000000
608427.812657 2476955.344901 0.000000
608423.012665 2476956.744900 0.000000
608418.212672 2476958.144898 0.000000
608413.412679 2476959.544897 0.000000
608408.612687 2476960.944896 0.000000
608403.812694 2476962.344894 0.000000
608399.012702 2476963.744893 0.000000
608394.212709 2476965.144892 0.000000
608389.412717 2476966.544890 0.000000
608384.612724 2476967.944889 0.000000
608379.812731 2476969.344887 0.000000
608375.012739 2476970.744886 0.000000
608370.096080 2476971.758774 0.000000
608365.179421 2476972.772662 0.000000
608360.262761 2476973.786550 0.000000
608355.346102 2476974.800438 0.000000
608350.429443 2476975.814326 0.000000
608345.512784 2476976.828215 0.000000
608340.596125 2476977.842103 0.000000
608335.679466 2476978.855991 0.000000
608330.762807 2476979.869879 0.000000
608325.846147 2476980.883767 0.000000
608320.929488 2476981.897655 0.000000
608316.012829 2476982.911543 0.000000
608311.096170 2476983.925431 0.000000
608306.179511 2476984.939319 0.000000
608301.262852 2476985.953207 0.000000
608296.346193 2476986.967096 0.000000
608291.429533 2476987.980984 0.000000
608286.512874 2476988.994872 0.000000
608281.596215 2476990.008760 0.000000
608276.679556 2476991.022648 0.000000
608271.762897 2476992.036536 0.000000
608266.846238 2476993.050424 0.000000
608261.929579 2476994.064312 0.000000
608257.012920 2476995.078200 0.000000
608252.096260 2476996.092089 0.000000
608247.179601 2476997.105977 0.000000
608242.262942 2476998.119865 0.000000
608237.346283 2476999.133753 0.000000
608232.429624 2477000.147641 0.000000
608227.512965 2477001.161529 0.000000
608222.596306 2477002.175417 0.000000
608217.679646 2477003.189305 0.000000
608212.762987 2477004.203193 0.000000
608207.846328 2477005.217081 0.000000
608202.929669 2477006.230970 0.000000
608198.013010 2477007.244858 0.000000
608193.096351 2477008.258746 0.000000
608188.179692 2477009.272634 0.000000
608183.263032 2477010.286522 0.000000
608178.346373 2477011.300410 0.000000
608173.429714 2477012.314298 0.000000
608168.513055 2477013.328186 0.000000
608163.596396 2477014.342074 0.000000
608158.679737 2477015.355962 0.000000
608153.763078 2477016.369851 0.000000
608148.846419 2477017.383739 0.000000
608143.929759 2477018.397627 0.000000
608139.013100 2477019.411515 0.000000
608134.096441 2477020.425403 0.000000
608129.179782 2477021.439291 0.000000
608124.263123 2477022.453179 0.000000
608119.346464 2477023.467067 0.000000
608114.429805 2477024.480955 0.000000
608109.513145 2477025.494843 0.000000
608104.596486 2477026.508732 0.000000
608099.679827 2477027.522620 0.000000
608094.763168 2477028.536508 0.000000
608089.846509 2477029.550396 0.000000
608084.929850 2477030.564284 0.000000
608080.013191 2477031.578172 0.000000
608075.096532 2477032.592060 0.000000
608070.179872 2477033.605948 0.000000
608065.263213 2477034.619836 0.000000
608060.346554 2477035.633724 0.000000
608055.429895 2477036.647613 0.000000
608050.513236 2477037.661501 0.000000
608045.596577 2477038.675389 0.000000
608040.679918 2477039.689277 0.000000
608035.763258 2477040.703165 0.000000
608030.846599 2477041.717053 0.000000
608025.929940 2477042.730941 0.000000
608021.013281 2477043.744829 0.000000
608016.043592 2477044.441799 0.000000
608011.073902 2477045.138768 0.000000
608006.104213 2477045.835737 0.000000
608001.134523 2477046.532707 0.000000
607996.164834 2477047.229676 0.000000
607991.195145 2477047.926646 0.000000
607986.225455 2477048.623615 0.000000
607981.255766 2477049.320584 0.000000
607976.286076 2477050.017554 0.000000
607971.316387 2477050.714523 0.000000
607966.346698 2477051.411493 0.000000
607961.377008 2477052.108462 0.000000
607956.407319 2477052.805431 0.000000
607951.437629 2477053.502401 0.000000
607946.467940 2477054.199370 0.000000
607941.498250 2477054.896340 0.000000
607936.528561 2477055.593309 0.000000
607931.558872 2477056.290278 0.000000
607926.589182 2477056.987248 0.000000
607921.619493 2477057.684217 0.000000
607916.649803 2477058.381187 0.000000
607911.680114 2477059.078156 0.000000
607906.710425 2477059.775125 0.000000
607901.740735 2477060.472095 0.000000
607896.771046 2477061.169064 0.000000
607891.801356 2477061.866034 0.000000
607886.831667 2477062.563003 0.000000
607881.861978 2477063.259972 0.000000
607876.892288 2477063.956942 0.000000
607871.922599 2477064.653911 0.000000
607866.952909 2477065.350881 0.000000
607861.983220 2477066.047850 0.000000
607857.013531 2477066.744819 0.000000
607852.044788 2477067.182319 0.000000
607847.076046 2477067.619819 0.000000
607842.107303 2477068.057320 0.000000
607837.138561 2477068.494820 0.000000
607832.169818 2477068.932320 0.000000
607827.201076 2477069.369820 0.000000
607822.232333 2477069.807320 0.000000
607817.263591 2477070.244820 0.000000
607812.294848 2477070.682320 0.000000
607807.326106 2477071.119820 0.000000
607802.357363 2477071.557320 0.000000
607797.388621 2477071.994820 0.000000
607792.419878 2477072.432320 0.000000
607787.451136 2477072.869821 0.000000
607782.482393 2477073.307321 0.000000
607777.513651 2477073.744821 0.000000
607772.544908 2477074.182321 0.000000
607767.576166 2477074.619821 0.000000
607762.607423 2477075.057321 0.000000
607757.638681 2477075.494821 0.000000
607752.669938 2477075.932321 0.000000
607747.701196 2477076.369821 0.000000
607742.732454 2477076.807321 0.000000
607737.763711 2477077.244821 0.000000
607732.794969 2477077.682322 0.000000
607727.826226 2477078.119822 0.000000
607722.857484 2477078.557322 0.000000
607717.888741 2477078.994822 0.000000
607712.919999 2477079.432322 0.000000
607707.951256 2477079.869822 0.000000
607702.982514 2477080.307322 0.000000
607698.013771 2477080.744822 0.000000
607693.021269 2477081.038830 0.000000
607688.028768 2477081.332838 0.000000
607683.036266 2477081.626845 0.000000
607678.043764 2477081.920853 0.000000
607673.051262 2477082.214861 0.000000
607668.058760 2477082.508869 0.000000
607663.066258 2477082.802877 0.000000
607658.073757 2477083.096884 0.000000
607653.081255 2477083.390892 0.000000
607648.088753 2477083.684900 0.000000
607643.096251 2477083.978908 0.000000
607638.103749 2477084.272916 0.000000
607633.111247 2477084.566923 0.000000
607628.118746 2477084.860931 0.000000
607623.126244 2477085.154939 0.000000
607618.133742 2477085.448947 0.000000
607613.141240 2477085.742955 0.000000
607608.148738 2477086.036962 0.000000
607603.156236 2477086.330970 0.000000
607598.163735 2477086.624978 0.000000
607593.171233 2477086.918986 0.000000
607588.178731 2477087.212993 0.000000
607583.186229 2477087.507001 0.000000
607578.193727 2477087.801009 0.000000
607573.201226 2477088.095017 0.000000
607568.208724 2477088.389025 0.000000
607563.216222 2477088.683032 0.000000
607558.223720 2477088.977040 0.000000
607553.231218 2477089.271048 0.000000
607548.238716 2477089.565056 0.000000
607543.246215 2477089.859064 0.000000
607538.253713 2477090.153071 0.000000
607533.261211 2477090.447079 0.000000
607528.268709 2477090.741087 0.000000
607523.276207 2477091.035095 0.000000
607518.283705 2477091.329103 0.000000
607513.291204 2477091.623110 0.000000
607508.298702 2477091.917118 0.000000
607503.306200 2477092.211126 0.000000
607498.313698 2477092.505134 0.000000
607493.321196 2477092.799141 0.000000
607488.328694 2477093.093149 0.000000
607483.336193 2477093.387157 0.000000
607478.343691 2477093.681165 0.000000
607473.351189 2477093.975173 0.000000
607468.358687 2477094.269180 0.000000
607463.366185 2477094.563188 0.000000
607458.373683 2477094.857196 0.000000
607453.381182 2477095.151204 0.000000
607448.388680 2477095.445212 0.000000
607443.396178 2477095.739219 0.000000
607438.403676 2477096.033227 0.000000
607433.411174 2477096.327235 0.000000
607428.418672 2477096.621243 0.000000
607423.426171 2477096.915251 0.000000
607418.433669 2477097.209258 0.000000
607413.441167 2477097.503266 0.000000
607408.448665 2477097.797274 0.000000
607403.456163 2477098.091282 0.000000
607398.463662 2477098.385289 0.000000
607393.471160 2477098.679297 0.000000
607388.478658 2477098.973305 0.000000
607383.486156 2477099.267313 0.000000
607378.493654 2477099.561321 0.000000
607373.501152 2477099.855328 0.000000
607368.508651 2477100.149336 0.000000
607363.516149 2477100.443344 0.000000
607358.523647 2477100.737352 0.000000
607353.531145 2477101.031360 0.000000
607348.538643 2477101.325367 0.000000
607343.546141 2477101.619375 0.000000
607338.553640 2477101.913383 0.000000
607333.561138 2477102.207391 0.000000
607328.568636 2477102.501399 0.000000
607323.576134 2477102.795406 0.000000
607318.583632 2477103.089414 0.000000
607313.591130 2477103.383422 0.000000
607308.598629 2477103.677430 0.000000
607303.606127 2477103.971437 0.000000
607298.613625 2477104.265445 0.000000
607293.621123 2477104.559453 0.000000
607288.628621 2477104.853461 0.000000
607283.636119 2477105.147469 0.000000
607278.643618 2477105.441476 0.000000
607273.651116 2477105.735484 0.000000
607268.658614 2477106.029492 0.000000
607263.666112 2477106.323500 0.000000
607258.673610 2477106.617508 0.000000
607253.681108 2477106.911515 0.000000
607248.688607 2477107.205523 0.000000
607243.696105 2477107.499531 0.000000
607238.703603 2477107.793539 0.000000
607233.711101 2477108.087547 0.000000
607228.718599 2477108.381554 0.000000
607223.726098 2477108.675562 0.000000
607218.733596 2477108.969570 0.000000
607213.741094 2477109.263578 0.000000
607208.748592 2477109.557585 0.000000
607203.756090 2477109.851593 0.000000
607198.763588 2477110.145601 0.000000
607193.771087 2477110.439609 0.000000
607188.778585 2477110.733617 0.000000
607183.786083 2477111.027624 0.000000
607178.793581 2477111.321632 0.000000
607173.801079 2477111.615640 0.000000
607168.808577 2477111.909648 0.000000
607163.816076 2477112.203656 0.000000
607158.823574 2477112.497663 0.000000
607153.831072 2477112.791671 0.000000
607148.838570 2477113.085679 0.000000
607143.846068 2477113.379687 0.000000
607138.853566 2477113.673694 0.000000
607133.861065 2477113.967702 0.000000
607128.868563 2477114.261710 0.000000
607123.876061 2477114.555718 0.000000
607118.883559 2477114.849726 0.000000
607113.891057 2477115.143733 0.000000
607108.898555 2477115.437741 0.000000
607103.906054 2477115.731749 0.000000
607098.913552 2477116.025757 0.000000
607093.921050 2477116.319765 0.000000
607088.928548 2477116.613772 0.000000
607083.936046 2477116.907780 0.000000
607078.943545 2477117.201788 0.000000
607073.951043 2477117.495796 0.000000
607068.958541 2477117.789804 0.000000
607063.966039 2477118.083811 0.000000
607058.973537 2477118.377819 0.000000
607053.981035 2477118.671827 0.000000
607048.988534 2477118.965835 0.000000
607043.996032 2477119.259842 0.000000
607039.003530 2477119.553850 0.000000
607034.011028 2477119.847858 0.000000
607029.018526 2477120.141866 0.000000
607024.026024 2477120.435874 0.000000
607019.033523 2477120.729881 0.000000
607014.041021 2477121.023889 0.000000
607009.048519 2477121.317897 0.000000
607004.056017 2477121.611905 0.000000
606999.063515 2477121.905913 0.000000
606994.071013 2477122.199920 0.000000
606989.078512 2477122.493928 0.000000
606984.086010 2477122.787936 0.000000
606979.093508 2477123.081944 0.000000
606974.101006 2477123.375952 0.000000
606969.108504 2477123.669959 0.000000
606964.116002 2477123.963967 0.000000
606959.123501 2477124.257975 0.000000
606954.130999 2477124.551983 0.000000
606949.138497 2477124.845990 0.000000
606944.145995 2477125.139998 0.000000
606939.153493 2477125.434006 0.000000
606934.160991 2477125.728014 0.000000
606929.168490 2477126.022022 0.000000
606924.175988 2477126.316029 0.000000
606919.183486 2477126.610037 0.000000
606914.190984 2477126.904045 0.000000
606909.198482 2477127.198053 0.000000
606904.205981 2477127.492061 0.000000
606899.213479 2477127.786068 0.000000
606894.220977 2477128.080076 0.000000
606889.228475 2477128.374084 0.000000
606884.235973 2477128.668092 0.000000
606879.243471 2477128.962100 0.000000
606874.250970 2477129.256107 0.000000
606869.258468 2477129.550115 0.000000
606864.265966 2477129.844123 0.000000
606859.273464 2477130.138131 0.000000
606854.280962 2477130.432138 0.000000
606849.288460 2477130.726146 0.000000
606844.295959 2477131.020154 0.000000
606839.303457 2477131.314162 0.000000
606834.310955 2477131.608170 0.000000
606829.318453 2477131.902177 0.000000
606824.325951 2477132.196185 0.000000
606819.333449 2477132.490193 0.000000
606814.340948 2477132.784201 0.000000
606809.348446 2477133.078209 0.000000
606804.355944 2477133.372216 0.000000
606799.363442 2477133.666224 0.000000
606794.370940 2477133.960232 0.000000
606789.378438 2477134.254240 0.000000
606784.385937 2477134.548248 0.000000
606779.393435 2477134.842255 0.000000
606774.400933 2477135.136263 0.000000
606769.408431 2477135.430271 0.000000
606764.415929 2477135.724279 0.000000
606759.423427 2477136.018286 0.000000
606754.430926 2477136.312294 0.000000
606749.438424 2477136.606302 0.000000
606744.445922 2477136.900310 0.000000
606739.453420 2477137.194318 0.000000
606734.460918 2477137.488325 0.000000
606729.468417 2477137.782333 0.000000
606724.475915 2477138.076341 0.000000
606719.483413 2477138.370349 0.000000
606714.490911 2477138.664357 0.000000
606709.498409 2477138.958364 0.000000
606704.505907 2477139.252372 0.000000
606699.513406 2477139.546380 0.000000
606694.520904 2477139.840388 0.000000
606689.528402 2477140.134395 0.000000
606684.535900 2477140.428403 0.000000
606679.543398 2477140.722411 0.000000
606674.550896 2477141.016419 0.000000
606669.558395 2477141.310427 0.000000
606664.565893 2477141.604434 0.000000
606659.573391 2477141.898442 0.000000
606654.580889 2477142.192450 0.000000
606649.588387 2477142.486458 0.000000
606644.595885 2477142.780466 0.000000
606639.603384 2477143.074473 0.000000
606634.610882 2477143.368481 0.000000
606629.618380 2477143.662489 0.000000
606624.625878 2477143.956497 0.000000
606619.633376 2477144.250505 0.000000
606614.640874 2477144.544512 0.000000
606609.648373 2477144.838520 0.000000
606604.655871 2477145.132528 0.000000
606599.663369 2477145.426536 0.000000
606594.670867 2477145.720543 0.000000
606589.678365 2477146.014551 0.000000
606584.685863 2477146.308559 0.000000
606579.693362 2477146.602567 0.000000
606574.700860 2477146.896575 0.000000
606569.708358 2477147.190582 0.000000
606564.715856 2477147.484590 0.000000
606559.723354 2477147.778598 0.000000
606554.730853 2477148.072606 0.000000
606549.738351 2477148.366614 0.000000
606544.745849 2477148.660621 0.000000
606539.753347 2477148.954629 0.000000
606534.760845 2477149.248637 0.000000
606529.768343 2477149.542645 0.000000
606524.775842 2477149.836653 0.000000
606519.783340 2477150.130660 0.000000
606514.790838 2477150.424668 0.000000
606509.798336 2477150.718676 0.000000
606504.805834 2477151.012684 0.000000
606499.813332 2477151.306691 0.000000
606494.820831 2477151.600699 0.000000
606489.828329 2477151.894707 0.000000
606484.835827 2477152.188715 0.000000
606479.843325 2477152.482723 0.000000
606474.850823 2477152.776730 0.000000
606469.858321 2477153.070738 0.000000
606464.865820 2477153.364746 0.000000
606459.873318 2477153.658754 0.000000
606454.880816 2477153.952762 0.000000
606449.888314 2477154.246769 0.000000
606444.895812 2477154.540777 0.000000
606439.903310 2477154.834785 0.000000
606434.910809 2477155.128793 0.000000
606429.918307 2477155.422801 0.000000
606424.925805 2477155.716808 0.000000
606419.933303 2477156.010816 0.000000
606414.940801 2477156.304824 0.000000
606409.948300 2477156.598832 0.000000
606404.955798 2477156.892839 0.000000
606399.963296 2477157.186847 0.000000
606394.970794 2477157.480855 0.000000
606389.978292 2477157.774863 0.000000
606384.985790 2477158.068871 0.000000
606379.993289 2477158.362878 0.000000
606375.000787 2477158.656886 0.000000
606370.008285 2477158.950894 0.000000
606365.015783 2477159.244902 0.000000
606360.023281 2477159.538910 0.000000
606355.030779 2477159.832917 0.000000
606350.038278 2477160.126925 0.000000
606345.045776 2477160.420933 0.000000
606340.053274 2477160.714941 0.000000
606335.060772 2477161.008949 0.000000
606330.068270 2477161.302956 0.000000
606325.075768 2477161.596964 0.000000
606320.083267 2477161.890972 0.000000
606315.090765 2477162.184980 0.000000
606310.098263 2477162.478987 0.000000
606305.105761 2477162.772995 0.000000
606300.113259 2477163.067003 0.000000
606295.120757 2477163.361011 0.000000
606290.128256 2477163.655019 0.000000
606285.135754 2477163.949026 0.000000
606280.143252 2477164.243034 0.000000
606275.150750 2477164.537042 0.000000
606270.158248 2477164.831050 0.000000
606265.165746 2477165.125058 0.000000
606260.173245 2477165.419065 0.000000
606255.180743 2477165.713073 0.000000
606250.188241 2477166.007081 0.000000
606245.195739 2477166.301089 0.000000
606240.203237 2477166.595096 0.000000
606235.210736 2477166.889104 0.000000
606230.218234 2477167.183112 0.000000
606225.225732 2477167.477120 0.000000
606220.233230 2477167.771128 0.000000
606215.240728 2477168.065135 0.000000
606210.248226 2477168.359143 0.000000
606205.255725 2477168.653151 0.000000
606200.263223 2477168.947159 0.000000
606195.270721 2477169.241167 0.000000
606190.278219 2477169.535174 0.000000
606185.285717 2477169.829182 0.000000
606180.293215 2477170.123190 0.000000
606175.300714 2477170.417198 0.000000
606170.308212 2477170.711206 0.000000
606165.315710 2477171.005213 0.000000
606160.323208 2477171.299221 0.000000
606155.330706 2477171.593229 0.000000
606150.338204 2477171.887237 0.000000
606145.345703 2477172.181244 0.000000
606140.353201 2477172.475252 0.000000
606135.360699 2477172.769260 0.000000
606130.368197 2477173.063268 0.000000
606125.375695 2477173.357276 0.000000
606120.383193 2477173.651283 0.000000
606115.390692 2477173.945291 0.000000
606110.398190 2477174.239299 0.000000
606105.405688 2477174.533307 0.000000
606100.413186 2477174.827315 0.000000
606095.420684 2477175.121322 0.000000
606090.428182 2477175.415330 0.000000
606085.435681 2477175.709338 0.000000
606080.443179 2477176.003346 0.000000
606075.450677 2477176.297354 0.000000
606070.458175 2477176.591361 0.000000
606065.465673 2477176.885369 0.000000
606060.473172 2477177.179377 0.000000
606055.480670 2477177.473385 0.000000
606050.488168 2477177.767392 0.000000
606045.495666 2477178.061400 0.000000
606040.503164 2477178.355408 0.000000
606035.510662 2477178.649416 0.000000
606030.518161 2477178.943424 0.000000
606025.525659 2477179.237431 0.000000
606020.533157 2477179.531439 0.000000
606015.540655 2477179.825447 0.000000
606010.548153 2477180.119455 0.000000
606005.555651 2477180.413463 0.000000
606000.563150 2477180.707470 0.000000
605995.570648 2477181.001478 0.000000
605990.578146 2477181.295486 0.000000
605985.585644 2477181.589494 0.000000
605980.593142 2477181.883502 0.000000
605975.600640 2477182.177509 0.000000
605970.608139 2477182.471517 0.000000
605965.615637 2477182.765525 0.000000
605960.623135 2477183.059533 0.000000
605955.630633 2477183.353540 0.000000
605950.638131 2477183.647548 0.000000
605945.645629 2477183.941556 0.000000
605940.653128 2477184.235564 0.000000
605935.660626 2477184.529572 0.000000
605930.668124 2477184.823579 0.000000
605925.675622 2477185.117587 0.000000
605920.683120 2477185.411595 0.000000
605915.690618 2477185.705603 0.000000
605910.698117 2477185.999611 0.000000
605905.705615 2477186.293618 0.000000
605900.713113 2477186.587626 0.000000
605895.720611 2477186.881634 0.000000
605890.728109 2477187.175642 0.000000
605885.735608 2477187.469650 0.000000
605880.743106 2477187.763657 0.000000
605875.750604 2477188.057665 0.000000
605870.758102 2477188.351673 0.000000
605865.765600 2477188.645681 0.000000
605860.773098 2477188.939688 0.000000
605855.780597 2477189.233696 0.000000
605850.788095 2477189.527704 0.000000
605845.795593 2477189.821712 0.000000
605840.803091 2477190.115720 0.000000
605835.810589 2477190.409727 0.000000
605830.818087 2477190.703735 0.000000
605825.825586 2477190.997743 0.000000
605820.833084 2477191.291751 0.000000
605815.840582 2477191.585759 0.000000
605810.848080 2477191.879766 0.000000
605805.855578 2477192.173774 0.000000
605800.863076 2477192.467782 0.000000
605795.870575 2477192.761790 0.000000
605790.878073 2477193.055798 0.000000
605785.885571 2477193.349805 0.000000
605780.893069 2477193.643813 0.000000
605775.900567 2477193.937821 0.000000
605770.908065 2477194.231829 0.000000
605765.915564 2477194.525836 0.000000
605760.923062 2477194.819844 0.000000
605755.930560 2477195.113852 0.000000
605750.938058 2477195.407860 0.000000
605745.945556 2477195.701868 0.000000
605740.953054 2477195.995875 0.000000
605735.960553 2477196.289883 0.000000
605730.968051 2477196.583891 0.000000
605725.975549 2477196.877899 0.000000
605720.983047 2477197.171907 0.000000
605715.990545 2477197.465914 0.000000
605710.998044 2477197.759922 0.000000
605706.005542 2477198.053930 0.000000
605701.013040 2477198.347938 0.000000
605696.020538 2477198.641945 0.000000
605691.028036 2477198.935953 0.000000
605686.035534 2477199.229961 0.000000
605681.043033 2477199.523969 0.000000
605676.050531 2477199.817977 0.000000
605671.058029 2477200.111984 0.000000
605666.065527 2477200.405992 0.000000
605661.073025 2477200.700000 0.000000
605656.080523 2477200.994008 0.000000
605651.088022 2477201.288016 0.000000
605646.095520 2477201.582023 0.000000
605641.103018 2477201.876031 0.000000
605636.110516 2477202.170039 0.000000
605631.118014 2477202.464047 0.000000
605626.125512 2477202.758055 0.000000
605621.133011 2477203.052062 0.000000
605616.140509 2477203.346070 0.000000
605611.148007 2477203.640078 0.000000
605606.155505 2477203.934086 0.000000
605601.163003 2477204.228093 0.000000
605596.170501 2477204.522101 0.000000
605591.178000 2477204.816109 0.000000
605586.185498 2477205.110117 0.000000
605581.192996 2477205.404125 0.000000
605576.200494 2477205.698132 0.000000
605571.207992 2477205.992140 0.000000
605566.215490 2477206.286148 0.000000
605561.222989 2477206.580156 0.000000
605556.230487 2477206.874164 0.000000
605551.237985 2477207.168171 0.000000
605546.245483 2477207.462179 0.000000
605541.252981 2477207.756187 0.000000
605536.260480 2477208.050195 0.000000
605531.267978 2477208.344203 0.000000
605526.275476 2477208.638210 0.000000
605521.282974 2477208.932218 0.000000
605516.290472 2477209.226226 0.000000
605511.297970 2477209.520234 0.000000
605506.305469 2477209.814241 0.000000
605501.312967 2477210.108249 0.000000
605496.320465 2477210.402257 0.000000
605491.327963 2477210.696265 0.000000
605486.335461 2477210.990273 0.000000
605481.342959 2477211.284280 0.000000
605476.350458 2477211.578288 0.000000
605471.357956 2477211.872296 0.000000
605466.365454 2477212.166304 0.000000
605461.372952 2477212.460312 0.000000
605456.380450 2477212.754319 0.000000
605451.387948 2477213.048327 0.000000
605446.395447 2477213.342335 0.000000
605441.402945 2477213.636343 0.000000
605436.410443 2477213.930351 0.000000
605431.417941 2477214.224358 0.000000
605426.425439 2477214.518366 0.000000
605421.432937 2477214.812374 0.000000
605416.440436 2477215.106382 0.000000
605411.447934 2477215.400389 0.000000
605406.455432 2477215.694397 0.000000
605401.462930 2477215.988405 0.000000
605396.470428 2477216.282413 0.000000
605391.477927 2477216.576421 0.000000
605386.485425 2477216.870428 0.000000
605381.492923 2477217.164436 0.000000
605376.500421 2477217.458444 0.000000
605371.507919 2477217.752452 0.000000
605366.515417 2477218.046460 0.000000
605361.522916 2477218.340467 0.000000
605356.530414 2477218.634475 0.000000
605351.537912 2477218.928483 0.000000
605346.545410 2477219.222491 0.000000
605341.552908 2477219.516499 0.000000
605336.560406 2477219.810506 0.000000
605331.567905 2477220.104514 0.000000
605326.575403 2477220.398522 0.000000
605321.582901 2477220.692530 0.000000
605316.590399 2477220.986537 0.000000
605311.597897 2477221.280545 0.000000
605306.605395 2477221.574553 0.000000
605301.612894 2477221.868561 0.000000
605296.620392 2477222.162569 0.000000
605291.627890 2477222.456576 0.000000
605286.635388 2477222.750584 0.000000
605281.642886 2477223.044592 0.000000
605276.650384 2477223.338600 0.000000
605271.657883 2477223.632608 0.000000
605266.665381 2477223.926615 0.000000
605261.672879 2477224.220623 0.000000
605256.680377 2477224.514631 0.000000
605251.687875 2477224.808639 0.000000
605246.695373 2477225.102646 0.000000
605241.702872 2477225.396654 0.000000
605236.710370 2477225.690662 0.000000
605231.717868 2477225.984670 0.000000
605226.725366 2477226.278678 0.000000
605221.732864 2477226.572685 0.000000
605216.740363 2477226.866693 0.000000
605211.747861 2477227.160701 0.000000
605206.755359 2477227.454709 0.000000
605201.762857 2477227.748717 0.000000
605196.770355 2477228.042724 0.000000
605191.777853 2477228.336732 0.000000
605186.785352 2477228.630740 0.000000
605181.792850 2477228.924748 0.000000
605176.800348 2477229.218756 0.000000
605171.807846 2477229.512763 0.000000
605166.815344 2477229.806771 0.000000
605161.822842 2477230.100779 0.000000
605156.830341 2477230.394787 0.000000
605151.837839 2477230.688794 0.000000
605146.845337 2477230.982802 0.000000
605141.852835 2477231.276810 0.000000
605136.860333 2477231.570818 0.000000
605131.867831 2477231.864826 0.000000
605126.875330 2477232.158833 0.000000
605121.882828 2477232.452841 0.000000
605116.890326 2477232.746849 0.000000
605111.897824 2477233.040857 0.000000
605106.905322 2477233.334865 0.000000
605101.912820 2477233.628872 0.000000
605096.920319 2477233.922880 0.000000
605091.927817 2477234.216888 0.000000
605086.935315 2477234.510896 0.000000
605081.942813 2477234.804904 0.000000
605076.950311 2477235.098911 0.000000
605071.957809 2477235.392919 0.000000
605066.965308 2477235.686927 0.000000
605061.972806 2477235.980935 0.000000
605056.980304 2477236.274942 0.000000
605051.987802 2477236.568950 0.000000
605046.995300 2477236.862958 0.000000
605042.002799 2477237.156966 0.000000
605037.010297 2477237.450974 0.000000
605032.017795 2477237.744981 0.000000
