FFASCI 0 1 "LINES" 0 1e+10
FFATTR 0 1
->1
607149.014768 2478233.743165 0.000000
607144.022374 2478234.022800 0.000000
607139.029980 2478234.302436 0.000000
607134.037587 2478234.582071 0.000000
607129.045193 2478234.861707 0.000000
607124.052799 2478235.141343 0.000000
607119.060406 2478235.420978 0.000000
607114.068012 2478235.700614 0.000000
607109.075618 2478235.980249 0.000000
607104.083225 2478236.259885 0.000000
607099.090831 2478236.539520 0.000000
607094.098437 2478236.819156 0.000000
607089.106043 2478237.098792 0.000000
607084.113650 2478237.378427 0.000000
607079.121256 2478237.658063 0.000000
607074.128862 2478237.937698 0.000000
607069.136469 2478238.217334 0.000000
607064.144075 2478238.496969 0.000000
607059.151681 2478238.776605 0.000000
607054.159288 2478239.056241 0.000000
607049.166894 2478239.335876 0.000000
607044.174500 2478239.615512 0.000000
607039.182107 2478239.895147 0.000000
607034.189713 2478240.174783 0.000000
607029.197319 2478240.454418 0.000000
607024.204925 2478240.734054 0.000000
607019.212532 2478241.013690 0.000000
607014.220138 2478241.293325 0.000000
607009.227744 2478241.572961 0.000000
607004.235351 2478241.852596 0.000000
606999.242957 2478242.132232 0.000000
606994.250563 2478242.411867 0.000000
606989.258170 2478242.691503 0.000000
606984.265776 2478242.971139 0.000000
606979.273382 2478243.250774 0.000000
606974.280989 2478243.530410 0.000000
606969.288595 2478243.810045 0.000000
606964.296201 2478244.089681 0.000000
606959.303807 2478244.369316 0.000000
606954.311414 2478244.648952 0.000000
606949.319020 2478244.928588 0.000000
606944.326626 2478245.208223 0.000000
606939.334233 2478245.487859 0.000000
606934.341839 2478245.767494 0.000000
606929.349445 2478246.047130 0.000000
606924.357052 2478246.326765 0.000000
606919.364658 2478246.606401 0.000000
606914.372264 2478246.886037 0.000000
606909.379871 2478247.165672 0.000000
606904.387477 2478247.445308 0.000000
606899.395083 2478247.724943 0.000000
606894.402690 2478248.004579 0.000000
606889.410296 2478248.284214 0.000000
606884.417902 2478248.563850 0.000000
606879.425508 2478248.843486 0.000000
606874.433115 2478249.123121 0.000000
606869.440721 2478249.402757 0.000000
606864.448327 2478249.682392 0.000000
606859.455934 2478249.962028 0.000000
606854.463540 2478250.241663 0.000000
606849.471146 2478250.521299 0.000000
606844.478753 2478250.800935 0.000000
606839.486359 2478251.080570 0.000000
606834.493965 2478251.360206 0.000000
606829.501572 2478251.639841 0.000000
606824.509178 2478251.919477 0.000000
606819.516784 2478252.199112 0.000000
606814.524390 2478252.478748 0.000000
606809.531997 2478252.758384 0.000000
606804.539603 2478253.038019 0.000000
606799.547209 2478253.317655 0.000000
606794.554816 2478253.597290 0.000000
606789.562422 2478253.876926 0.000000
606784.570028 2478254.156561 0.000000
606779.577635 2478254.436197 0.000000
606774.585241 2478254.715833 0.000000
606769.592847 2478254.995468 0.000000
606764.600454 2478255.275104 0.000000
606759.608060 2478255.554739 0.000000
606754.615666 2478255.834375 0.000000
606749.623272 2478256.114010 0.000000
606744.630879 2478256.393646 0.000000
606739.638485 2478256.673282 0.000000
606734.646091 2478256.952917 0.000000
606729.653698 2478257.232553 0.000000
606724.661304 2478257.512188 0.000000
606719.668910 2478257.791824 0.000000
606714.676517 2478258.071459 0.000000
606709.684123 2478258.351095 0.000000
606704.691729 2478258.630731 0.000000
606699.699336 2478258.910366 0.000000
606694.706942 2478259.190002 0.000000
606689.714548 2478259.469637 0.000000
606684.722154 2478259.749273 0.000000
606679.729761 2478260.028909 0.000000
606674.737367 2478260.308544 0.000000
606669.744973 2478260.588180 0.000000
606664.752580 2478260.867815 0.000000
606659.760186 2478261.147451 0.000000
606654.767792 2478261.427086 0.000000
606649.775399 2478261.706722 0.000000
606644.783005 2478261.986358 0.000000
606639.790611 2478262.265993 0.000000
606634.798218 2478262.545629 0.000000
606629.805824 2478262.825264 0.000000
606624.813430 2478263.104900 0.000000
606619.821036 2478263.384535 0.000000
606614.828643 2478263.664171 0.000000
606609.836249 2478263.943807 0.000000
606604.843855 2478264.223442 0.000000
606599.851462 2478264.503078 0.000000
606594.859068 2478264.782713 0.000000
606589.866674 2478265.062349 0.000000
606584.874281 2478265.341984 0.000000
606579.881887 2478265.621620 0.000000
606574.889493 2478265.901256 0.000000
606569.897100 2478266.180891 0.000000
606564.904706 2478266.460527 0.000000
606559.912312 2478266.740162 0.000000
606554.919919 2478267.019798 0.000000
606549.927525 2478267.299433 0.000000
606544.935131 2478267.579069 0.000000
606539.942737 2478267.858705 0.000000
606534.950344 2478268.138340 0.000000
606529.957950 2478268.417976 0.000000
606524.965556 2478268.697611 0.000000
606519.973163 2478268.977247 0.000000
606514.980769 2478269.256882 0.000000
606509.988375 2478269.536518 0.000000
606504.995982 2478269.816154 0.000000
606500.003588 2478270.095789 0.000000
606495.011194 2478270.375425 0.000000
606490.018801 2478270.655060 0.000000
606485.026407 2478270.934696 0.000000
606480.034013 2478271.214331 0.000000
606475.041619 2478271.493967 0.000000
606470.049226 2478271.773603 0.000000
606465.056832 2478272.053238 0.000000
606460.064438 2478272.332874 0.000000
606455.072045 2478272.612509 0.000000
606450.079651 2478272.892145 0.000000
606445.087257 2478273.171780 0.000000
606440.094864 2478273.451416 0.000000
606435.102470 2478273.731052 0.000000
606430.110076 2478274.010687 0.000000
606425.117683 2478274.290323 0.000000
606420.125289 2478274.569958 0.000000
606415.132895 2478274.849594 0.000000
606410.140501 2478275.129229 0.000000
606405.148108 2478275.408865 0.000000
606400.155714 2478275.688501 0.000000
606395.163320 2478275.968136 0.000000
606390.170927 2478276.247772 0.000000
606385.178533 2478276.527407 0.000000
606380.186139 2478276.807043 0.000000
606375.193746 2478277.086678 0.000000
606370.201352 2478277.366314 0.000000
606365.208958 2478277.645950 0.000000
606360.216565 2478277.925585 0.000000
606355.224171 2478278.205221 0.000000
606350.231777 2478278.484856 0.000000
606345.239383 2478278.764492 0.000000
606340.246990 2478279.044127 0.000000
606335.254596 2478279.323763 0.000000
606330.262202 2478279.603399 0.000000
606325.269809 2478279.883034 0.000000
606320.277415 2478280.162670 0.000000
606315.285021 2478280.442305 0.000000
606310.292628 2478280.721941 0.000000
606305.300234 2478281.001576 0.000000
606300.307840 2478281.281212 0.000000
606295.315447 2478281.560848 0.000000
606290.323053 2478281.840483 0.000000
606285.330659 2478282.120119 0.000000
606280.338265 2478282.399754 0.000000
606275.345872 2478282.679390 0.000000
606270.353478 2478282.959025 0.000000
606265.361084 2478283.238661 0.000000
606260.368691 2478283.518297 0.000000
606255.376297 2478283.797932 0.000000
606250.383903 2478284.077568 0.000000
606245.391510 2478284.357203 0.000000
606240.399116 2478284.636839 0.000000
606235.406722 2478284.916474 0.000000
606230.414329 2478285.196110 0.000000
606225.421935 2478285.475746 0.000000
606220.429541 2478285.755381 0.000000
606215.437148 2478286.035017 0.000000
606210.444754 2478286.314652 0.000000
606205.452360 2478286.594288 0.000000
606200.459966 2478286.873923 0.000000
606195.467573 2478287.153559 0.000000
606190.475179 2478287.433195 0.000000
606185.482785 2478287.712830 0.000000
606180.490392 2478287.992466 0.000000
606175.497998 2478288.272101 0.000000
606170.505604 2478288.551737 0.000000
606165.513211 2478288.831372 0.000000
606160.520817 2478289.111008 0.000000
606155.528423 2478289.390644 0.000000
606150.536030 2478289.670279 0.000000
606145.543636 2478289.949915 0.000000
606140.551242 2478290.229550 0.000000
606135.558848 2478290.509186 0.000000
606130.566455 2478290.788821 0.000000
606125.574061 2478291.068457 0.000000
606120.581667 2478291.348093 0.000000
606115.589274 2478291.627728 0.000000
606110.596880 2478291.907364 0.000000
606105.604486 2478292.186999 0.000000
606100.612093 2478292.466635 0.000000
606095.619699 2478292.746270 0.000000
606090.627305 2478293.025906 0.000000
606085.634912 2478293.305542 0.000000
606080.642518 2478293.585177 0.000000
606075.650124 2478293.864813 0.000000
606070.657730 2478294.144448 0.000000
606065.665337 2478294.424084 0.000000
606060.672943 2478294.703719 0.000000
606055.680549 2478294.983355 0.000000
606050.688156 2478295.262991 0.000000
606045.695762 2478295.542626 0.000000
606040.703368 2478295.822262 0.000000
606035.710975 2478296.101897 0.000000
606030.718581 2478296.381533 0.000000
606025.726187 2478296.661168 0.000000
606020.733794 2478296.940804 0.000000
606015.741400 2478297.220440 0.000000
606010.749006 2478297.500075 0.000000
606005.756612 2478297.779711 0.000000
606000.764219 2478298.059346 0.000000
605995.771825 2478298.338982 0.000000
605990.779431 2478298.618617 0.000000
605985.787038 2478298.898253 0.000000
605980.794644 2478299.177889 0.000000
605975.802250 2478299.457524 0.000000
605970.809857 2478299.737160 0.000000
605965.817463 2478300.016795 0.000000
605960.825069 2478300.296431 0.000000
605955.832676 2478300.576066 0.000000
605950.840282 2478300.855702 0.000000
605945.847888 2478301.135338 0.000000
605940.855494 2478301.414973 0.000000
605935.863101 2478301.694609 0.000000
605930.870707 2478301.974244 0.000000
605925.878313 2478302.253880 0.000000
605920.885920 2478302.533515 0.000000
605915.893526 2478302.813151 0.000000
605910.901132 2478303.092787 0.000000
605905.908739 2478303.372422 0.000000
605900.916345 2478303.652058 0.000000
605895.923951 2478303.931693 0.000000
605890.931558 2478304.211329 0.000000
605885.939164 2478304.490964 0.000000
605880.946770 2478304.770600 0.000000
605875.954377 2478305.050236 0.000000
605870.961983 2478305.329871 0.000000
605865.969589 2478305.609507 0.000000
605860.977195 2478305.889142 0.000000
605855.984802 2478306.168778 0.000000
605850.992408 2478306.448413 0.000000
605846.000014 2478306.728049 0.000000
605841.007621 2478307.007685 0.000000
605836.015227 2478307.287320 0.000000
605831.022833 2478307.566956 0.000000
605826.030440 2478307.846591 0.000000
605821.038046 2478308.126227 0.000000
605816.045652 2478308.405862 0.000000
605811.053259 2478308.685498 0.000000
605806.060865 2478308.965134 0.000000
605801.068471 2478309.244769 0.000000
605796.076077 2478309.524405 0.000000
605791.083684 2478309.804040 0.000000
605786.091290 2478310.083676 0.000000
605781.098896 2478310.363311 0.000000
605776.106503 2478310.642947 0.000000
605771.114109 2478310.922583 0.000000
605766.121715 2478311.202218 0.000000
605761.129322 2478311.481854 0.000000
605756.136928 2478311.761489 0.000000
605751.144534 2478312.041125 0.000000
605746.152141 2478312.320760 0.000000
605741.159747 2478312.600396 0.000000
605736.167353 2478312.880032 0.000000
605731.174959 2478313.159667 0.000000
605726.182566 2478313.439303 0.000000
605721.190172 2478313.718938 0.000000
605716.197778 2478313.998574 0.000000
605711.205385 2478314.278209 0.000000
605706.212991 2478314.557845 0.000000
605701.220597 2478314.837481 0.000000
605696.228204 2478315.117116 0.000000
605691.235810 2478315.396752 0.000000
605686.243416 2478315.676387 0.000000
605681.251023 2478315.956023 0.000000
605676.258629 2478316.235658 0.000000
605671.266235 2478316.515294 0.000000
605666.273841 2478316.794930 0.000000
605661.281448 2478317.074565 0.000000
605656.289054 2478317.354201 0.000000
605651.296660 2478317.633836 0.000000
605646.304267 2478317.913472 0.000000
605641.311873 2478318.193107 0.000000
605636.319479 2478318.472743 0.000000
605631.327086 2478318.752379 0.000000
605626.334692 2478319.032014 0.000000
605621.342298 2478319.311650 0.000000
605616.349905 2478319.591285 0.000000
605611.357511 2478319.870921 0.000000
605606.365117 2478320.150556 0.000000
605601.372723 2478320.430192 0.000000
605596.380330 2478320.709828 0.000000
605591.387936 2478320.989463 0.000000
605586.395542 2478321.269099 0.000000
605581.403149 2478321.548734 0.000000
605576.410755 2478321.828370 0.000000
605571.418361 2478322.108006 0.000000
605566.425968 2478322.387641 0.000000
605561.433574 2478322.667277 0.000000
605556.441180 2478322.946912 0.000000
605551.448787 2478323.226548 0.000000
605546.456393 2478323.506183 0.000000
605541.463999 2478323.785819 0.000000
605536.471606 2478324.065455 0.000000
605531.479212 2478324.345090 0.000000
605526.486818 2478324.624726 0.000000
605521.494424 2478324.904361 0.000000
605516.502031 2478325.183997 0.000000
605511.509637 2478325.463632 0.000000
605506.517243 2478325.743268 0.000000
605501.524850 2478326.022904 0.000000
605496.532456 2478326.302539 0.000000
605491.540062 2478326.582175 0.000000
605486.547669 2478326.861810 0.000000
605481.555275 2478327.141446 0.000000
605476.562881 2478327.421081 0.000000
605471.570488 2478327.700717 0.000000
605466.578094 2478327.980353 0.000000
605461.585700 2478328.259988 0.000000
605456.593306 2478328.539624 0.000000
605451.600913 2478328.819259 0.000000
605446.608519 2478329.098895 0.000000
605441.616125 2478329.378530 0.000000
605436.623732 2478329.658166 0.000000
605431.631338 2478329.937802 0.000000
605426.638944 2478330.217437 0.000000
605421.646551 2478330.497073 0.000000
605416.654157 2478330.776708 0.000000
605411.661763 2478331.056344 0.000000
605406.669370 2478331.335979 0.000000
605401.676976 2478331.615615 0.000000
605396.684582 2478331.895251 0.000000
605391.692188 2478332.174886 0.000000
605386.699795 2478332.454522 0.000000
605381.707401 2478332.734157 0.000000
605376.715007 2478333.013793 0.000000
605371.722614 2478333.293428 0.000000
605366.730220 2478333.573064 0.000000
605361.737826 2478333.852700 0.000000
605356.745433 2478334.132335 0.000000
605351.753039 2478334.411971 0.000000
605346.760645 2478334.691606 0.000000
605341.768252 2478334.971242 0.000000
605336.775858 2478335.250877 0.000000
605331.783464 2478335.530513 0.000000
605326.791070 2478335.810149 0.000000
605321.798677 2478336.089784 0.000000
605316.806283 2478336.369420 0.000000
605311.813889 2478336.649055 0.000000
605306.821496 2478336.928691 0.000000
605301.829102 2478337.208326 0.000000
605296.836708 2478337.487962 0.000000
605291.844315 2478337.767598 0.000000
605286.851921 2478338.047233 0.000000
605281.859527 2478338.326869 0.000000
605276.867134 2478338.606504 0.000000
605271.874740 2478338.886140 0.000000
605266.882346 2478339.165775 0.000000
605261.889952 2478339.445411 0.000000
605256.897559 2478339.725047 0.000000
605251.905165 2478340.004682 0.000000
605246.912771 2478340.284318 0.000000
605241.920378 2478340.563953 0.000000
605236.927984 2478340.843589 0.000000
605231.935590 2478341.123224 0.000000
605226.943197 2478341.402860 0.000000
605221.950803 2478341.682496 0.000000
605216.958409 2478341.962131 0.000000
605211.966016 2478342.241767 0.000000
605206.973622 2478342.521402 0.000000
605201.981228 2478342.801038 0.000000
605196.988835 2478343.080673 0.000000
605191.996441 2478343.360309 0.000000
605187.004047 2478343.639945 0.000000
605182.011653 2478343.919580 0.000000
605177.019260 2478344.199216 0.000000
605172.026866 2478344.478851 0.000000
605167.034472 2478344.758487 0.000000
605162.042079 2478345.038122 0.000000
605157.049685 2478345.317758 0.000000
605152.057291 2478345.597394 0.000000
605147.064898 2478345.877029 0.000000
605142.072504 2478346.156665 0.000000
605137.080110 2478346.436300 0.000000
605132.087717 2478346.715936 0.000000
605127.095323 2478346.995571 0.000000
605122.102929 2478347.275207 0.000000
605117.110535 2478347.554843 0.000000
605112.118142 2478347.834478 0.000000
605107.125748 2478348.114114 0.000000
605102.133354 2478348.393749 0.000000
605097.140961 2478348.673385 0.000000
605092.148567 2478348.953020 0.000000
605087.156173 2478349.232656 0.000000
605082.163780 2478349.512292 0.000000
605077.171386 2478349.791927 0.000000
605072.178992 2478350.071563 0.000000
605067.186599 2478350.351198 0.000000
605062.194205 2478350.630834 0.000000
605057.201811 2478350.910469 0.000000
605052.209417 2478351.190105 0.000000
605047.217024 2478351.469741 0.000000
605042.224630 2478351.749376 0.000000
605037.232236 2478352.029012 0.000000
605032.239843 2478352.308647 0.000000
605027.247449 2478352.588283 0.000000
605022.255055 2478352.867918 0.000000
605017.262662 2478353.147554 0.000000
605012.270268 2478353.427190 0.000000
605007.277874 2478353.706825 0.000000
605002.285481 2478353.986461 0.000000
604997.293087 2478354.266096 0.000000
604992.300693 2478354.545732 0.000000
604987.308299 2478354.825367 0.000000
604982.315906 2478355.105003 0.000000
604977.323512 2478355.384639 0.000000
604972.331118 2478355.664274 0.000000
604967.338725 2478355.943910 0.000000
604962.346331 2478356.223545 0.000000
604957.353937 2478356.503181 0.000000
604952.361544 2478356.782816 0.000000
604947.369150 2478357.062452 0.000000
604942.376756 2478357.342088 0.000000
604937.384363 2478357.621723 0.000000
604932.391969 2478357.901359 0.000000
604927.399575 2478358.180994 0.000000
604922.407181 2478358.460630 0.000000
604917.414788 2478358.740265 0.000000
604912.422394 2478359.019901 0.000000
604907.430000 2478359.299537 0.000000
604902.437607 2478359.579172 0.000000
604897.445213 2478359.858808 0.000000
604892.452819 2478360.138443 0.000000
604887.460426 2478360.418079 0.000000
604882.468032 2478360.697714 0.000000
604877.475638 2478360.977350 0.000000
604872.483245 2478361.256986 0.000000
604867.490851 2478361.536621 0.000000
604862.498457 2478361.816257 0.000000
604857.506064 2478362.095892 0.000000
604852.513670 2478362.375528 0.000000
604847.521276 2478362.655163 0.000000
604842.528882 2478362.934799 0.000000
604837.536489 2478363.214435 0.000000
604832.544095 2478363.494070 0.000000
604827.551701 2478363.773706 0.000000
604822.559308 2478364.053341 0.000000
604817.566914 2478364.332977 0.000000
604812.574520 2478364.612612 0.000000
604807.582127 2478364.892248 0.000000
604802.589733 2478365.171884 0.000000
604797.597339 2478365.451519 0.000000
604792.604946 2478365.731155 0.000000
604787.612552 2478366.010790 0.000000
604782.620158 2478366.290426 0.000000
604777.627764 2478366.570061 0.000000
604772.635371 2478366.849697 0.000000
604767.642977 2478367.129333 0.000000
604762.650583 2478367.408968 0.000000
604757.658190 2478367.688604 0.000000
604752.665796 2478367.968239 0.000000
604747.673402 2478368.247875 0.000000
604742.681009 2478368.527510 0.000000
604737.688615 2478368.807146 0.000000
604732.696221 2478369.086782 0.000000
604727.703828 2478369.366417 0.000000
604722.711434 2478369.646053 0.000000
604717.719040 2478369.925688 0.000000
604712.726646 2478370.205324 0.000000
604707.734253 2478370.484959 0.000000
604702.741859 2478370.764595 0.000000
604697.749465 2478371.044231 0.000000
604692.757072 2478371.323866 0.000000
604687.764678 2478371.603502 0.000000
604682.772284 2478371.883137 0.000000
604677.779891 2478372.162773 0.000000
604672.787497 2478372.442408 0.000000
604667.795103 2478372.722044 0.000000
604662.802710 2478373.001680 0.000000
604657.810316 2478373.281315 0.000000
604652.817922 2478373.560951 0.000000
604647.825528 2478373.840586 0.000000
604642.833135 2478374.120222 0.000000
604637.840741 2478374.399857 0.000000
604632.848347 2478374.679493 0.000000
604627.855954 2478374.959129 0.000000
604622.863560 2478375.238764 0.000000
604617.871166 2478375.518400 0.000000
604612.878773 2478375.798035 0.000000
604607.886379 2478376.077671 0.000000
604602.893985 2478376.357306 0.000000
604597.901592 2478376.636942 0.000000
604592.909198 2478376.916578 0.000000
604587.916804 2478377.196213 0.000000
604582.924410 2478377.475849 0.000000
604577.932017 2478377.755484 0.000000
604572.939623 2478378.035120 0.000000
604567.947229 2478378.314755 0.000000
604562.954836 2478378.594391 0.000000
604557.962442 2478378.874027 0.000000
604552.970048 2478379.153662 0.000000
604547.977655 2478379.433298 0.000000
604542.985261 2478379.712933 0.000000
604537.992867 2478379.992569 0.000000
604533.000474 2478380.272204 0.000000
604528.008080 2478380.551840 0.000000
604523.015686 2478380.831476 0.000000
604518.023293 2478381.111111 0.000000
604513.030899 2478381.390747 0.000000
604508.038505 2478381.670382 0.000000
604503.046111 2478381.950018 0.000000
604498.053718 2478382.229653 0.000000
604493.061324 2478382.509289 0.000000
604488.068930 2478382.788925 0.000000
604483.076537 2478383.068560 0.000000
604478.084143 2478383.348196 0.000000
604473.091749 2478383.627831 0.000000
604468.099356 2478383.907467 0.000000
604463.106962 2478384.187103 0.000000
604458.114568 2478384.466738 0.000000
604453.122175 2478384.746374 0.000000
604448.129781 2478385.026009 0.000000
604443.137387 2478385.305645 0.000000
604438.144993 2478385.585280 0.000000
604433.152600 2478385.864916 0.000000
604428.160206 2478386.144552 0.000000
604423.167812 2478386.424187 0.000000
604418.175419 2478386.703823 0.000000
604413.183025 2478386.983458 0.000000
604408.190631 2478387.263094 0.000000
604403.198238 2478387.542729 0.000000
604398.205844 2478387.822365 0.000000
604393.213450 2478388.102001 0.000000
604388.221057 2478388.381636 0.000000
604383.228663 2478388.661272 0.000000
604378.236269 2478388.940907 0.000000
604373.243875 2478389.220543 0.000000
604368.251482 2478389.500178 0.000000
604363.259088 2478389.779814 0.000000
604358.266694 2478390.059450 0.000000
604353.274301 2478390.339085 0.000000
604348.281907 2478390.618721 0.000000
604343.289513 2478390.898356 0.000000
604338.297120 2478391.177992 0.000000
604333.304726 2478391.457627 0.000000
604328.312332 2478391.737263 0.000000
604323.319939 2478392.016899 0.000000
604318.327545 2478392.296534 0.000000
604313.335151 2478392.576170 0.000000
604308.342757 2478392.855805 0.000000
604303.350364 2478393.135441 0.000000
604298.357970 2478393.415076 0.000000
604293.365576 2478393.694712 0.000000
604288.373183 2478393.974348 0.000000
604283.380789 2478394.253983 0.000000
604278.388395 2478394.533619 0.000000
604273.396002 2478394.813254 0.000000
604268.403608 2478395.092890 0.000000
604263.411214 2478395.372525 0.000000
604258.418821 2478395.652161 0.000000
604253.426427 2478395.931797 0.000000
604248.434033 2478396.211432 0.000000
604243.441639 2478396.491068 0.000000
604238.449246 2478396.770703 0.000000
604233.456852 2478397.050339 0.000000
604228.464458 2478397.329974 0.000000
604223.472065 2478397.609610 0.000000
604218.479671 2478397.889246 0.000000
604213.487277 2478398.168881 0.000000
604208.494884 2478398.448517 0.000000
604203.502490 2478398.728152 0.000000
604198.510096 2478399.007788 0.000000
604193.517703 2478399.287423 0.000000
604188.525309 2478399.567059 0.000000
604183.532915 2478399.846695 0.000000
604178.540522 2478400.126330 0.000000
604173.548128 2478400.405966 0.000000
604168.555734 2478400.685601 0.000000
604163.563340 2478400.965237 0.000000
604158.570947 2478401.244872 0.000000
604153.578553 2478401.524508 0.000000
604148.586159 2478401.804144 0.000000
604143.593766 2478402.083779 0.000000
604138.601372 2478402.363415 0.000000
604133.608978 2478402.643050 0.000000
604128.616585 2478402.922686 0.000000
604123.624191 2478403.202321 0.000000
604118.631797 2478403.481957 0.000000
604113.639404 2478403.761593 0.000000
604108.647010 2478404.041228 0.000000
604103.654616 2478404.320864 0.000000
604098.662222 2478404.600499 0.000000
604093.669829 2478404.880135 0.000000
604088.677435 2478405.159770 0.000000
604083.685041 2478405.439406 0.000000
604078.692648 2478405.719042 0.000000
604073.700254 2478405.998677 0.000000
604068.707860 2478406.278313 0.000000
604063.715467 2478406.557948 0.000000
604058.723073 2478406.837584 0.000000
604053.730679 2478407.117219 0.000000
604048.738286 2478407.396855 0.000000
604043.745892 2478407.676491 0.000000
604038.753498 2478407.956126 0.000000
604033.761104 2478408.235762 0.000000
604028.768711 2478408.515397 0.000000
604023.776317 2478408.795033 0.000000
604018.783923 2478409.074668 0.000000
604013.791530 2478409.354304 0.000000
604008.799136 2478409.633940 0.000000
604003.806742 2478409.913575 0.000000
603998.814349 2478410.193211 0.000000
603993.821955 2478410.472846 0.000000
603988.829561 2478410.752482 0.000000
603983.837168 2478411.032117 0.000000
603978.844774 2478411.311753 0.000000
603973.852380 2478411.591389 0.000000
603968.859986 2478411.871024 0.000000
603963.867593 2478412.150660 0.000000
603958.875199 2478412.430295 0.000000
603953.882805 2478412.709931 0.000000
603948.890412 2478412.989566 0.000000
603943.898018 2478413.269202 0.000000
603938.905624 2478413.548838 0.000000
603933.913231 2478413.828473 0.000000
603928.920837 2478414.108109 0.000000
603923.928443 2478414.387744 0.000000
603918.936050 2478414.667380 0.000000
603913.943656 2478414.947015 0.000000
603908.951262 2478415.226651 0.000000
603903.958868 2478415.506287 0.000000
603898.966475 2478415.785922 0.000000
603893.974081 2478416.065558 0.000000
603888.981687 2478416.345193 0.000000
603883.989294 2478416.624829 0.000000
603878.996900 2478416.904464 0.000000
603874.004506 2478417.184100 0.000000
603869.012113 2478417.463736 0.000000
603864.019719 2478417.743371 0.000000
