FFASCI 0 1 "LINES" 0 1e+10
FFATTR 0 1
->1
612076.008640 2486272.730337 0.000000
612071.162493 2486274.422643 0.000000
612066.316347 2486276.114949 0.000000
612061.470201 2486277.807255 0.000000
612056.624054 2486279.499561 0.000000
612051.777908 2486281.191866 0.000000
612046.931761 2486282.884172 0.000000
612042.085615 2486284.576478 0.000000
612037.239469 2486286.268784 0.000000
612032.393322 2486287.961090 0.000000
612027.547176 2486289.653396 0.000000
612022.701030 2486291.345702 0.000000
612017.854883 2486293.038008 0.000000
612013.008737 2486294.730314 0.000000
612008.663916 2486297.075138 0.000000
612004.319095 2486299.419963 0.000000
611999.974275 2486301.764788 0.000000
611995.629454 2486304.109613 0.000000
611991.284633 2486306.454438 0.000000
611986.939812 2486308.799262 0.000000
611982.594992 2486311.144087 0.000000
611978.250171 2486313.488912 0.000000
611973.905350 2486315.833737 0.000000
611969.560529 2486318.178561 0.000000
611965.215708 2486320.523386 0.000000
611960.870888 2486322.868211 0.000000
611956.526067 2486325.213036 0.000000
611952.181246 2486327.557860 0.000000
611947.836425 2486329.902685 0.000000
611943.491605 2486332.247510 0.000000
611939.146784 2486334.592335 0.000000
611934.801963 2486336.937159 0.000000
611930.457142 2486339.281984 0.000000
611926.112322 2486341.626809 0.000000
611921.767501 2486343.971634 0.000000
611917.422680 2486346.316458 0.000000
611913.077859 2486348.661283 0.000000
611908.733039 2486351.006108 0.000000
611904.388218 2486353.350933 0.000000
611900.043397 2486355.695757 0.000000
611895.698576 2486358.040582 0.000000
611891.353756 2486360.385407 0.000000
611887.008935 2486362.730232 0.000000
611882.099851 2486364.002958 0.000000
611877.190768 2486365.275684 0.000000
611872.281685 2486366.548410 0.000000
611867.372601 2486367.821136 0.000000
611862.463518 2486369.093862 0.000000
611857.554434 2486370.366588 0.000000
611852.645351 2486371.639314 0.000000
611847.736267 2486372.912041 0.000000
611842.827184 2486374.184767 0.000000
611837.918101 2486375.457493 0.000000
611833.009017 2486376.730219 0.000000
611828.009025 2486376.688553 0.000000
611823.009032 2486376.646887 0.000000
611818.009040 2486376.605222 0.000000
611813.009047 2486376.563556 0.000000
611808.009054 2486376.521890 0.000000
611803.009062 2486376.480224 0.000000
611798.009069 2486376.438558 0.000000
611793.009077 2486376.396892 0.000000
611788.009084 2486376.355227 0.000000
611783.009092 2486376.313561 0.000000
611778.009099 2486376.271895 0.000000
611773.009106 2486376.230229 0.000000
611768.009114 2486376.188563 0.000000
611763.009121 2486376.146897 0.000000
611758.009129 2486376.105232 0.000000
611753.009136 2486376.063566 0.000000
611748.009144 2486376.021900 0.000000
611743.009151 2486375.980234 0.000000
611738.009158 2486375.938568 0.000000
611733.009166 2486375.896902 0.000000
611728.009173 2486375.855237 0.000000
611723.009181 2486375.813571 0.000000
611718.009188 2486375.771905 0.000000
611713.009196 2486375.730239 0.000000
611708.009203 2486376.063573 0.000000
611703.009210 2486376.396906 0.000000
611698.009218 2486376.730240 0.000000
611693.009225 2486377.063574 0.000000
611688.009233 2486377.396907 0.000000
611683.009240 2486377.730241 0.000000
611678.009248 2486378.063574 0.000000
611673.009255 2486378.396908 0.000000
611668.009263 2486378.730242 0.000000
611663.009270 2486379.063575 0.000000
611658.009278 2486379.396909 0.000000
611653.009285 2486379.730242 0.000000
611648.009293 2486380.063576 0.000000
611643.009300 2486380.396910 0.000000
611638.009308 2486380.730243 0.000000
611633.009315 2486381.063577 0.000000
611628.009323 2486381.396910 0.000000
611623.009330 2486381.730244 0.000000
611618.009338 2486382.063578 0.000000
611613.009345 2486382.396911 0.000000
611608.009353 2486382.730245 0.000000
611603.009360 2486383.063578 0.000000
611598.009368 2486383.396912 0.000000
611593.009375 2486383.730246 0.000000
611588.009383 2486384.063579 0.000000
611583.009390 2486384.396913 0.000000
611578.009398 2486384.730247 0.000000
611573.033215 2486385.396913 0.000000
611568.057032 2486386.063579 0.000000
611563.080849 2486386.730246 0.000000
611558.104666 2486387.396912 0.000000
611553.128483 2486388.063579 0.000000
611548.152300 2486388.730245 0.000000
611543.176117 2486389.396912 0.000000
611538.199934 2486390.063578 0.000000
611533.223751 2486390.730244 0.000000
611528.247568 2486391.396911 0.000000
611523.271385 2486392.063577 0.000000
611518.295202 2486392.730244 0.000000
611513.319019 2486393.396910 0.000000
611508.342836 2486394.063577 0.000000
611503.366653 2486394.730243 0.000000
611498.390470 2486395.396910 0.000000
611493.414287 2486396.063576 0.000000
611488.438104 2486396.730242 0.000000
611483.461921 2486397.396909 0.000000
611478.485738 2486398.063575 0.000000
611473.509555 2486398.730242 0.000000
611468.533372 2486399.396908 0.000000
611463.557189 2486400.063575 0.000000
611458.581006 2486400.730241 0.000000
611453.604823 2486401.396908 0.000000
611448.628640 2486402.063574 0.000000
611443.652457 2486402.730240 0.000000
611438.676274 2486403.396907 0.000000
611433.700091 2486404.063573 0.000000
611428.723908 2486404.730240 0.000000
611423.747725 2486405.396906 0.000000
611418.771542 2486406.063573 0.000000
611413.795360 2486406.730239 0.000000
611408.819177 2486407.396905 0.000000
611403.842994 2486408.063572 0.000000
611398.866811 2486408.730238 0.000000
611393.890628 2486409.396905 0.000000
611388.914445 2486410.063571 0.000000
611383.938262 2486410.730238 0.000000
611378.962079 2486411.396904 0.000000
611373.985896 2486412.063571 0.000000
611369.009713 2486412.730237 0.000000
611363.994569 2486413.018116 0.000000
611358.979425 2486413.305995 0.000000
611353.964281 2486413.593874 0.000000
611348.949137 2486413.881753 0.000000
611343.933993 2486414.169633 0.000000
611338.918849 2486414.457512 0.000000
611333.903705 2486414.745391 0.000000
611328.888561 2486415.033270 0.000000
611323.873417 2486415.321149 0.000000
611318.858273 2486415.609028 0.000000
611313.843129 2486415.896907 0.000000
611308.827985 2486416.184787 0.000000
611303.812841 2486416.472666 0.000000
611298.797697 2486416.760545 0.000000
611293.782553 2486417.048424 0.000000
611288.767409 2486417.336303 0.000000
611283.752265 2486417.624182 0.000000
611278.737121 2486417.912061 0.000000
611273.721976 2486418.199940 0.000000
611268.706832 2486418.487820 0.000000
611263.691688 2486418.775699 0.000000
611258.676544 2486419.063578 0.000000
611253.661400 2486419.351457 0.000000
611248.646256 2486419.639336 0.000000
611243.631112 2486419.927215 0.000000
611238.615968 2486420.215094 0.000000
611233.600824 2486420.502973 0.000000
611228.585680 2486420.790853 0.000000
611223.570536 2486421.078732 0.000000
611218.555392 2486421.366611 0.000000
611213.540248 2486421.654490 0.000000
611208.525104 2486421.942369 0.000000
611203.509960 2486422.230248 0.000000
611198.494816 2486422.518127 0.000000
611193.479672 2486422.806007 0.000000
611188.464528 2486423.093886 0.000000
611183.449384 2486423.381765 0.000000
611178.434240 2486423.669644 0.000000
611173.419096 2486423.957523 0.000000
611168.403952 2486424.245402 0.000000
611163.388808 2486424.533281 0.000000
611158.373664 2486424.821160 0.000000
611153.358520 2486425.109040 0.000000
611148.343376 2486425.396919 0.000000
611143.328232 2486425.684798 0.000000
611138.313088 2486425.972677 0.000000
611133.297944 2486426.260556 0.000000
611128.282800 2486426.548435 0.000000
611123.267656 2486426.836314 0.000000
611118.252512 2486427.124193 0.000000
611113.237368 2486427.412073 0.000000
611108.222224 2486427.699952 0.000000
611103.207080 2486427.987831 0.000000
611098.191936 2486428.275710 0.000000
611093.176792 2486428.563589 0.000000
611088.161648 2486428.851468 0.000000
611083.146504 2486429.139347 0.000000
611078.131360 2486429.427227 0.000000
611073.116216 2486429.715106 0.000000
611068.101072 2486430.002985 0.000000
611063.085928 2486430.290864 0.000000
611058.070784 2486430.578743 0.000000
611053.055640 2486430.866622 0.000000
611048.040496 2486431.154501 0.000000
611043.025352 2486431.442380 0.000000
611038.010208 2486431.730260 0.000000
611033.064479 2486432.482197 0.000000
611028.118750 2486433.234135 0.000000
611023.173021 2486433.986072 0.000000
611018.227292 2486434.738010 0.000000
611013.281563 2486435.489948 0.000000
611008.335834 2486436.241885 0.000000
611003.390105 2486436.993823 0.000000
610998.444376 2486437.745761 0.000000
610993.498647 2486438.497698 0.000000
610988.552918 2486439.249636 0.000000
610983.607189 2486440.001573 0.000000
610978.661460 2486440.753511 0.000000
610973.715731 2486441.505449 0.000000
610968.770002 2486442.257386 0.000000
610963.824273 2486443.009324 0.000000
610958.878544 2486443.761261 0.000000
610953.932815 2486444.513199 0.000000
610948.987087 2486445.265137 0.000000
610944.041358 2486446.017074 0.000000
610939.095629 2486446.769012 0.000000
610934.149900 2486447.520950 0.000000
610929.204171 2486448.272887 0.000000
610924.258442 2486449.024825 0.000000
610919.312713 2486449.776762 0.000000
610914.366984 2486450.528700 0.000000
610909.421255 2486451.280638 0.000000
610904.475526 2486452.032575 0.000000
610899.529797 2486452.784513 0.000000
610894.584068 2486453.536451 0.000000
610889.638339 2486454.288388 0.000000
610884.692610 2486455.040326 0.000000
610879.746881 2486455.792263 0.000000
610874.801152 2486456.544201 0.000000
610869.855423 2486457.296139 0.000000
610864.909694 2486458.048076 0.000000
610859.963965 2486458.800014 0.000000
610855.018236 2486459.551951 0.000000
610850.072507 2486460.303889 0.000000
610845.126778 2486461.055827 0.000000
610840.181049 2486461.807764 0.000000
610835.235320 2486462.559702 0.000000
610830.289591 2486463.311640 0.000000
610825.343862 2486464.063577 0.000000
610820.398133 2486464.815515 0.000000
610815.452404 2486465.567452 0.000000
610810.506675 2486466.319390 0.000000
610805.560947 2486467.071328 0.000000
610800.615218 2486467.823265 0.000000
610795.669489 2486468.575203 0.000000
610790.723760 2486469.327141 0.000000
610785.778031 2486470.079078 0.000000
610780.832302 2486470.831016 0.000000
610775.886573 2486471.582953 0.000000
610770.940844 2486472.334891 0.000000
610765.995115 2486473.086829 0.000000
610761.049386 2486473.838766 0.000000
610756.103657 2486474.590704 0.000000
610751.157928 2486475.342641 0.000000
610746.212199 2486476.094579 0.000000
610741.266470 2486476.846517 0.000000
610736.320741 2486477.598454 0.000000
610731.375012 2486478.350392 0.000000
610726.429283 2486479.102330 0.000000
610721.483554 2486479.854267 0.000000
610716.537825 2486480.606205 0.000000
610711.592096 2486481.358142 0.000000
610706.646367 2486482.110080 0.000000
610701.700638 2486482.862018 0.000000
610696.754909 2486483.613955 0.000000
610691.809180 2486484.365893 0.000000
610686.863451 2486485.117831 0.000000
610681.917722 2486485.869768 0.000000
610676.971993 2486486.621706 0.000000
610672.026264 2486487.373643 0.000000
610667.080536 2486488.125581 0.000000
610662.134807 2486488.877519 0.000000
610657.189078 2486489.629456 0.000000
610652.243349 2486490.381394 0.000000
610647.297620 2486491.133331 0.000000
610642.351891 2486491.885269 0.000000
610637.406162 2486492.637207 0.000000
610632.460433 2486493.389144 0.000000
610627.514704 2486494.141082 0.000000
610622.568975 2486494.893020 0.000000
610617.623246 2486495.644957 0.000000
610612.677517 2486496.396895 0.000000
610607.731788 2486497.148832 0.000000
610602.786059 2486497.900770 0.000000
610597.840330 2486498.652708 0.000000
610592.894601 2486499.404645 0.000000
610587.948872 2486500.156583 0.000000
610583.003143 2486500.908521 0.000000
610578.057414 2486501.660458 0.000000
610573.111685 2486502.412396 0.000000
610568.165956 2486503.164333 0.000000
610563.220227 2486503.916271 0.000000
610558.274498 2486504.668209 0.000000
610553.328769 2486505.420146 0.000000
610548.383040 2486506.172084 0.000000
610543.437311 2486506.924021 0.000000
610538.491582 2486507.675959 0.000000
610533.545853 2486508.427897 0.000000
610528.600125 2486509.179834 0.000000
610523.654396 2486509.931772 0.000000
610518.708667 2486510.683710 0.000000
610513.762938 2486511.435647 0.000000
610508.817209 2486512.187585 0.000000
610503.871480 2486512.939522 0.000000
610498.925751 2486513.691460 0.000000
610493.980022 2486514.443398 0.000000
610489.034293 2486515.195335 0.000000
610484.088564 2486515.947273 0.000000
610479.142835 2486516.699211 0.000000
610474.197106 2486517.451148 0.000000
610469.251377 2486518.203086 0.000000
610464.305648 2486518.955023 0.000000
610459.359919 2486519.706961 0.000000
610454.414190 2486520.458899 0.000000
610449.468461 2486521.210836 0.000000
610444.522732 2486521.962774 0.000000
610439.577003 2486522.714711 0.000000
610434.631274 2486523.466649 0.000000
610429.685545 2486524.218587 0.000000
610424.739816 2486524.970524 0.000000
610419.794087 2486525.722462 0.000000
610414.848358 2486526.474400 0.000000
610409.902629 2486527.226337 0.000000
610404.956900 2486527.978275 0.000000
610400.011171 2486528.730212 0.000000
610395.111179 2486529.780212 0.000000
610390.211186 2486530.830211 0.000000
610385.311194 2486531.880210 0.000000
610380.411201 2486532.930209 0.000000
610375.511209 2486533.980208 0.000000
610370.611216 2486535.030208 0.000000
610365.711224 2486536.080207 0.000000
610360.811231 2486537.130206 0.000000
610355.911238 2486538.180205 0.000000
610351.011246 2486539.230204 0.000000
610346.111253 2486540.280203 0.000000
610341.211261 2486541.330203 0.000000
610336.311268 2486542.380202 0.000000
610331.411276 2486543.430201 0.000000
610326.511283 2486544.480200 0.000000
610321.611291 2486545.530199 0.000000
610316.711298 2486546.580198 0.000000
610311.811305 2486547.630198 0.000000
610306.911313 2486548.680197 0.000000
610302.011320 2486549.730196 0.000000
610297.205772 2486551.119084 0.000000
610292.400224 2486552.507971 0.000000
610287.594676 2486553.896859 0.000000
610282.789128 2486555.285746 0.000000
610277.983579 2486556.674634 0.000000
610273.178031 2486558.063521 0.000000
610268.372483 2486559.452409 0.000000
610263.566935 2486560.841296 0.000000
610258.761387 2486562.230184 0.000000
610253.955838 2486563.619071 0.000000
610249.150290 2486565.007959 0.000000
610244.344742 2486566.396847 0.000000
610239.539194 2486567.785734 0.000000
610234.733646 2486569.174622 0.000000
610229.928097 2486570.563509 0.000000
610225.122549 2486571.952397 0.000000
610220.317001 2486573.341284 0.000000
610215.511453 2486574.730172 0.000000
610210.705905 2486576.119059 0.000000
610205.900356 2486577.507947 0.000000
610201.094808 2486578.896834 0.000000
610196.289260 2486580.285722 0.000000
610191.483712 2486581.674610 0.000000
610186.678164 2486583.063497 0.000000
610181.872615 2486584.452385 0.000000
610177.067067 2486585.841272 0.000000
610172.261519 2486587.230160 0.000000
610167.455971 2486588.619047 0.000000
610162.650423 2486590.007935 0.000000
610157.844874 2486591.396822 0.000000
610153.039326 2486592.785710 0.000000
610148.233778 2486594.174597 0.000000
610143.428230 2486595.563485 0.000000
610138.622682 2486596.952373 0.000000
610133.817133 2486598.341260 0.000000
610129.011585 2486599.730148 0.000000
610124.088516 2486600.807070 0.000000
610119.165446 2486601.883992 0.000000
610114.242377 2486602.960914 0.000000
610109.319308 2486604.037837 0.000000
610104.396238 2486605.114759 0.000000
610099.473169 2486606.191681 0.000000
610094.550099 2486607.268603 0.000000
610089.627030 2486608.345525 0.000000
610084.703960 2486609.422448 0.000000
610079.780891 2486610.499370 0.000000
610074.857821 2486611.576292 0.000000
610069.934752 2486612.653214 0.000000
610065.011683 2486613.730136 0.000000
610060.088613 2486614.807059 0.000000
610055.165544 2486615.883981 0.000000
610050.242474 2486616.960903 0.000000
610045.319405 2486618.037825 0.000000
610040.396335 2486619.114748 0.000000
610035.473266 2486620.191670 0.000000
610030.550196 2486621.268592 0.000000
610025.627127 2486622.345514 0.000000
610020.704058 2486623.422436 0.000000
610015.780988 2486624.499359 0.000000
610010.857919 2486625.576281 0.000000
610005.934849 2486626.653203 0.000000
610001.011780 2486627.730125 0.000000
609996.059031 2486628.486030 0.000000
609991.106283 2486629.241936 0.000000
609986.153535 2486629.997841 0.000000
609981.200786 2486630.753746 0.000000
609976.248038 2486631.509651 0.000000
609971.295289 2486632.265556 0.000000
609966.342541 2486633.021461 0.000000
609961.389792 2486633.777366 0.000000
609956.437044 2486634.533272 0.000000
609951.484296 2486635.289177 0.000000
609946.531547 2486636.045082 0.000000
609941.578799 2486636.800987 0.000000
609936.626050 2486637.556892 0.000000
609931.673302 2486638.312797 0.000000
609926.720553 2486639.068702 0.000000
609921.767805 2486639.824607 0.000000
609916.815057 2486640.580513 0.000000
609911.862308 2486641.336418 0.000000
609906.909560 2486642.092323 0.000000
609901.956811 2486642.848228 0.000000
609897.004063 2486643.604133 0.000000
609892.051314 2486644.360038 0.000000
609887.098566 2486645.115943 0.000000
609882.145818 2486645.871849 0.000000
609877.193069 2486646.627754 0.000000
609872.240321 2486647.383659 0.000000
609867.287572 2486648.139564 0.000000
609862.334824 2486648.895469 0.000000
609857.382075 2486649.651374 0.000000
609852.429327 2486650.407279 0.000000
609847.476579 2486651.163184 0.000000
609842.523830 2486651.919090 0.000000
609837.571082 2486652.674995 0.000000
609832.618333 2486653.430900 0.000000
609827.665585 2486654.186805 0.000000
609822.712836 2486654.942710 0.000000
609817.760088 2486655.698615 0.000000
609812.807340 2486656.454520 0.000000
609807.854591 2486657.210426 0.000000
609802.901843 2486657.966331 0.000000
609797.949094 2486658.722236 0.000000
609792.996346 2486659.478141 0.000000
609788.043598 2486660.234046 0.000000
609783.090849 2486660.989951 0.000000
609778.138101 2486661.745856 0.000000
609773.185352 2486662.501761 0.000000
609768.232604 2486663.257667 0.000000
609763.279855 2486664.013572 0.000000
609758.327107 2486664.769477 0.000000
609753.374359 2486665.525382 0.000000
609748.421610 2486666.281287 0.000000
609743.468862 2486667.037192 0.000000
609738.516113 2486667.793097 0.000000
609733.563365 2486668.549003 0.000000
609728.610616 2486669.304908 0.000000
609723.657868 2486670.060813 0.000000
609718.705120 2486670.816718 0.000000
609713.752371 2486671.572623 0.000000
609708.799623 2486672.328528 0.000000
609703.846874 2486673.084433 0.000000
609698.894126 2486673.840338 0.000000
609693.941377 2486674.596244 0.000000
609688.988629 2486675.352149 0.000000
609684.035881 2486676.108054 0.000000
609679.083132 2486676.863959 0.000000
609674.130384 2486677.619864 0.000000
609669.177635 2486678.375769 0.000000
609664.224887 2486679.131674 0.000000
609659.272138 2486679.887580 0.000000
609654.319390 2486680.643485 0.000000
609649.366642 2486681.399390 0.000000
609644.413893 2486682.155295 0.000000
609639.461145 2486682.911200 0.000000
609634.508396 2486683.667105 0.000000
609629.555648 2486684.423010 0.000000
609624.602899 2486685.178916 0.000000
609619.650151 2486685.934821 0.000000
609614.697403 2486686.690726 0.000000
609609.744654 2486687.446631 0.000000
609604.791906 2486688.202536 0.000000
609599.839157 2486688.958441 0.000000
609594.886409 2486689.714346 0.000000
609589.933660 2486690.470251 0.000000
609584.980912 2486691.226157 0.000000
609580.028164 2486691.982062 0.000000
609575.075415 2486692.737967 0.000000
609570.122667 2486693.493872 0.000000
609565.169918 2486694.249777 0.000000
609560.217170 2486695.005682 0.000000
609555.264421 2486695.761587 0.000000
609550.311673 2486696.517493 0.000000
609545.358925 2486697.273398 0.000000
609540.406176 2486698.029303 0.000000
609535.453428 2486698.785208 0.000000
609530.500679 2486699.541113 0.000000
609525.547931 2486700.297018 0.000000
609520.595182 2486701.052923 0.000000
609515.642434 2486701.808828 0.000000
609510.689686 2486702.564734 0.000000
609505.736937 2486703.320639 0.000000
609500.784189 2486704.076544 0.000000
609495.831440 2486704.832449 0.000000
609490.878692 2486705.588354 0.000000
609485.925943 2486706.344259 0.000000
609480.973195 2486707.100164 0.000000
609476.020447 2486707.856070 0.000000
609471.067698 2486708.611975 0.000000
609466.114950 2486709.367880 0.000000
609461.162201 2486710.123785 0.000000
609456.209453 2486710.879690 0.000000
609451.256704 2486711.635595 0.000000
609446.303956 2486712.391500 0.000000
609441.351208 2486713.147405 0.000000
609436.398459 2486713.903311 0.000000
609431.445711 2486714.659216 0.000000
609426.492962 2486715.415121 0.000000
609421.540214 2486716.171026 0.000000
609416.587466 2486716.926931 0.000000
609411.634717 2486717.682836 0.000000
609406.681969 2486718.438741 0.000000
609401.729220 2486719.194647 0.000000
609396.776472 2486719.950552 0.000000
609391.823723 2486720.706457 0.000000
609386.870975 2486721.462362 0.000000
609381.918227 2486722.218267 0.000000
609376.965478 2486722.974172 0.000000
609372.012730 2486723.730077 0.000000
609367.012737 2486724.167577 0.000000
609362.012745 2486724.605078 0.000000
609357.012752 2486725.042578 0.000000
609352.012760 2486725.480078 0.000000
609347.012767 2486725.917578 0.000000
609342.012775 2486726.355078 0.000000
609337.012782 2486726.792578 0.000000
609332.012790 2486727.230078 0.000000
609327.012797 2486727.667578 0.000000
609322.012805 2486728.105078 0.000000
609317.012812 2486728.542578 0.000000
609312.012820 2486728.980079 0.000000
609307.012827 2486729.417579 0.000000
609302.012835 2486729.855079 0.000000
609297.012842 2486730.292579 0.000000
609292.012850 2486730.730079 0.000000
609286.993626 2486730.903156 0.000000
609281.974403 2486731.076234 0.000000
609276.955180 2486731.249311 0.000000
609271.935957 2486731.422389 0.000000
609266.916733 2486731.595466 0.000000
609261.897510 2486731.768544 0.000000
609256.878287 2486731.941621 0.000000
609251.859063 2486732.114698 0.000000
609246.839840 2486732.287776 0.000000
609241.820617 2486732.460853 0.000000
609236.801394 2486732.633931 0.000000
609231.782170 2486732.807008 0.000000
609226.762947 2486732.980086 0.000000
609221.743724 2486733.153163 0.000000
609216.724500 2486733.326240 0.000000
609211.705277 2486733.499318 0.000000
609206.686054 2486733.672395 0.000000
609201.666831 2486733.845473 0.000000
609196.647607 2486734.018550 0.000000
609191.628384 2486734.191627 0.000000
609186.609161 2486734.364705 0.000000
609181.589937 2486734.537782 0.000000
609176.570714 2486734.710860 0.000000
609171.551491 2486734.883937 0.000000
609166.532268 2486735.057015 0.000000
609161.513044 2486735.230092 0.000000
609156.493821 2486735.403169 0.000000
609151.474598 2486735.576247 0.000000
609146.455375 2486735.749324 0.000000
609141.436151 2486735.922402 0.000000
609136.416928 2486736.095479 0.000000
609131.397705 2486736.268557 0.000000
609126.378481 2486736.441634 0.000000
609121.359258 2486736.614711 0.000000
609116.340035 2486736.787789 0.000000
609111.320812 2486736.960866 0.000000
609106.301588 2486737.133944 0.000000
609101.282365 2486737.307021 0.000000
609096.263142 2486737.480099 0.000000
609091.243918 2486737.653176 0.000000
609086.224695 2486737.826253 0.000000
609081.205472 2486737.999331 0.000000
609076.186249 2486738.172408 0.000000
609071.167025 2486738.345486 0.000000
609066.147802 2486738.518563 0.000000
609061.128579 2486738.691641 0.000000
609056.109355 2486738.864718 0.000000
609051.090132 2486739.037795 0.000000
609046.070909 2486739.210873 0.000000
609041.051686 2486739.383950 0.000000
609036.032462 2486739.557028 0.000000
609031.013239 2486739.730105 0.000000
609026.070389 2486740.472962 0.000000
609021.127540 2486741.215819 0.000000
609016.184690 2486741.958675 0.000000
609011.241840 2486742.701532 0.000000
609006.298991 2486743.444389 0.000000
609001.356141 2486744.187246 0.000000
608996.413291 2486744.930102 0.000000
608991.470442 2486745.672959 0.000000
608986.527592 2486746.415816 0.000000
608981.584742 2486747.158673 0.000000
608976.641893 2486747.901530 0.000000
608971.699043 2486748.644386 0.000000
608966.756193 2486749.387243 0.000000
608961.813344 2486750.130100 0.000000
608956.870494 2486750.872957 0.000000
608951.927644 2486751.615813 0.000000
608946.984794 2486752.358670 0.000000
608942.041945 2486753.101527 0.000000
608937.099095 2486753.844384 0.000000
608932.156245 2486754.587241 0.000000
608927.213396 2486755.330097 0.000000
608922.270546 2486756.072954 0.000000
608917.327696 2486756.815811 0.000000
608912.384847 2486757.558668 0.000000
608907.441997 2486758.301524 0.000000
608902.499147 2486759.044381 0.000000
608897.556298 2486759.787238 0.000000
608892.613448 2486760.530095 0.000000
608887.670598 2486761.272952 0.000000
608882.727749 2486762.015808 0.000000
608877.784899 2486762.758665 0.000000
608872.842049 2486763.501522 0.000000
608867.899200 2486764.244379 0.000000
608862.956350 2486764.987235 0.000000
608858.013500 2486765.730092 0.000000
608853.070651 2486766.472949 0.000000
608848.127801 2486767.215806 0.000000
608843.184951 2486767.958663 0.000000
608838.242101 2486768.701519 0.000000
608833.299252 2486769.444376 0.000000
608828.356402 2486770.187233 0.000000
608823.413552 2486770.930090 0.000000
608818.470703 2486771.672946 0.000000
608813.527853 2486772.415803 0.000000
608808.585003 2486773.158660 0.000000
608803.642154 2486773.901517 0.000000
608798.699304 2486774.644374 0.000000
608793.756454 2486775.387230 0.000000
608788.813605 2486776.130087 0.000000
608783.870755 2486776.872944 0.000000
608778.927905 2486777.615801 0.000000
608773.985056 2486778.358657 0.000000
608769.042206 2486779.101514 0.000000
608764.099356 2486779.844371 0.000000
608759.156507 2486780.587228 0.000000
608754.213657 2486781.330085 0.000000
608749.270807 2486782.072941 0.000000
608744.327958 2486782.815798 0.000000
608739.385108 2486783.558655 0.000000
608734.442258 2486784.301512 0.000000
608729.499408 2486785.044368 0.000000
608724.556559 2486785.787225 0.000000
608719.613709 2486786.530082 0.000000
608714.670859 2486787.272939 0.000000
608709.728010 2486788.015796 0.000000
608704.785160 2486788.758652 0.000000
608699.842310 2486789.501509 0.000000
608694.899461 2486790.244366 0.000000
608689.956611 2486790.987223 0.000000
608685.013761 2486791.730079 0.000000
608680.070912 2486792.472936 0.000000
608675.128062 2486793.215793 0.000000
608670.185212 2486793.958650 0.000000
608665.242363 2486794.701507 0.000000
608660.299513 2486795.444363 0.000000
608655.356663 2486796.187220 0.000000
608650.413814 2486796.930077 0.000000
608645.470964 2486797.672934 0.000000
608640.528114 2486798.415790 0.000000
608635.585265 2486799.158647 0.000000
608630.642415 2486799.901504 0.000000
608625.699565 2486800.644361 0.000000
608620.756715 2486801.387218 0.000000
608615.813866 2486802.130074 0.000000
608610.871016 2486802.872931 0.000000
608605.928166 2486803.615788 0.000000
608600.985317 2486804.358645 0.000000
608596.042467 2486805.101501 0.000000
608591.099617 2486805.844358 0.000000
608586.156768 2486806.587215 0.000000
608581.213918 2486807.330072 0.000000
608576.271068 2486808.072929 0.000000
608571.328219 2486808.815785 0.000000
608566.385369 2486809.558642 0.000000
608561.442519 2486810.301499 0.000000
608556.499670 2486811.044356 0.000000
608551.556820 2486811.787212 0.000000
608546.613970 2486812.530069 0.000000
608541.671121 2486813.272926 0.000000
608536.728271 2486814.015783 0.000000
608531.785421 2486814.758640 0.000000
608526.842572 2486815.501496 0.000000
608521.899722 2486816.244353 0.000000
608516.956872 2486816.987210 0.000000
608512.014022 2486817.730067 0.000000
608507.029181 2486818.154309 0.000000
608502.044340 2486818.578552 0.000000
608497.059499 2486819.002794 0.000000
608492.074658 2486819.427037 0.000000
608487.089817 2486819.851279 0.000000
608482.104976 2486820.275522 0.000000
608477.120135 2486820.699764 0.000000
608472.135294 2486821.124007 0.000000
608467.150453 2486821.548249 0.000000
608462.165612 2486821.972492 0.000000
608457.180771 2486822.396735 0.000000
608452.195930 2486822.820977 0.000000
608447.211089 2486823.245220 0.000000
608442.226248 2486823.669462 0.000000
608437.241407 2486824.093705 0.000000
608432.256566 2486824.517947 0.000000
608427.271725 2486824.942190 0.000000
608422.286884 2486825.366432 0.000000
608417.302043 2486825.790675 0.000000
608412.317202 2486826.214917 0.000000
608407.332361 2486826.639160 0.000000
608402.347520 2486827.063402 0.000000
608397.362679 2486827.487645 0.000000
608392.377838 2486827.911888 0.000000
608387.392997 2486828.336130 0.000000
608382.408156 2486828.760373 0.000000
608377.423315 2486829.184615 0.000000
608372.438474 2486829.608858 0.000000
608367.453633 2486830.033100 0.000000
608362.468792 2486830.457343 0.000000
608357.483951 2486830.881585 0.000000
608352.499110 2486831.305828 0.000000
608347.514269 2486831.730070 0.000000
608342.529428 2486832.154313 0.000000
608337.544587 2486832.578555 0.000000
608332.559746 2486833.002798 0.000000
608327.574905 2486833.427041 0.000000
608322.590064 2486833.851283 0.000000
608317.605223 2486834.275526 0.000000
608312.620382 2486834.699768 0.000000
608307.635541 2486835.124011 0.000000
608302.650700 2486835.548253 0.000000
608297.665859 2486835.972496 0.000000
608292.681018 2486836.396738 0.000000
608287.696177 2486836.820981 0.000000
608282.711336 2486837.245223 0.000000
608277.726495 2486837.669466 0.000000
608272.741654 2486838.093708 0.000000
608267.756813 2486838.517951 0.000000
608262.771972 2486838.942194 0.000000
608257.787131 2486839.366436 0.000000
608252.802290 2486839.790679 0.000000
608247.817449 2486840.214921 0.000000
608242.832608 2486840.639164 0.000000
608237.847767 2486841.063406 0.000000
608232.862926 2486841.487649 0.000000
608227.878085 2486841.911891 0.000000
608222.893244 2486842.336134 0.000000
608217.908403 2486842.760376 0.000000
608212.923562 2486843.184619 0.000000
608207.938721 2486843.608861 0.000000
608202.953880 2486844.033104 0.000000
608197.969039 2486844.457347 0.000000
608192.984198 2486844.881589 0.000000
608187.999357 2486845.305832 0.000000
608183.014516 2486845.730074 0.000000
608178.065618 2486846.481899 0.000000
608173.116721 2486847.233723 0.000000
608168.167823 2486847.985547 0.000000
608163.218925 2486848.737372 0.000000
608158.270028 2486849.489196 0.000000
608153.321130 2486850.241021 0.000000
608148.372232 2486850.992845 0.000000
608143.423335 2486851.744670 0.000000
608138.474437 2486852.496494 0.000000
608133.525539 2486853.248319 0.000000
608128.576642 2486854.000143 0.000000
608123.627744 2486854.751967 0.000000
608118.678847 2486855.503792 0.000000
608113.729949 2486856.255616 0.000000
608108.781051 2486857.007441 0.000000
608103.832154 2486857.759265 0.000000
608098.883256 2486858.511090 0.000000
608093.934358 2486859.262914 0.000000
608088.985461 2486860.014738 0.000000
608084.036563 2486860.766563 0.000000
608079.087665 2486861.518387 0.000000
608074.138768 2486862.270212 0.000000
608069.189870 2486863.022036 0.000000
608064.240973 2486863.773861 0.000000
608059.292075 2486864.525685 0.000000
608054.343177 2486865.277509 0.000000
608049.394280 2486866.029334 0.000000
608044.445382 2486866.781158 0.000000
608039.496484 2486867.532983 0.000000
608034.547587 2486868.284807 0.000000
608029.598689 2486869.036632 0.000000
608024.649791 2486869.788456 0.000000
608019.700894 2486870.540280 0.000000
608014.751996 2486871.292105 0.000000
608009.803098 2486872.043929 0.000000
608004.854201 2486872.795754 0.000000
607999.905303 2486873.547578 0.000000
607994.956406 2486874.299403 0.000000
607990.007508 2486875.051227 0.000000
607985.058610 2486875.803051 0.000000
607980.109713 2486876.554876 0.000000
607975.160815 2486877.306700 0.000000
607970.211917 2486878.058525 0.000000
607965.263020 2486878.810349 0.000000
607960.314122 2486879.562174 0.000000
607955.365224 2486880.313998 0.000000
607950.416327 2486881.065823 0.000000
607945.467429 2486881.817647 0.000000
607940.518532 2486882.569471 0.000000
607935.569634 2486883.321296 0.000000
607930.620736 2486884.073120 0.000000
607925.671839 2486884.824945 0.000000
607920.722941 2486885.576769 0.000000
607915.774043 2486886.328594 0.000000
607910.825146 2486887.080418 0.000000
607905.876248 2486887.832242 0.000000
607900.927350 2486888.584067 0.000000
607895.978453 2486889.335891 0.000000
607891.029555 2486890.087716 0.000000
607886.080657 2486890.839540 0.000000
607881.131760 2486891.591365 0.000000
607876.182862 2486892.343189 0.000000
607871.233965 2486893.095013 0.000000
607866.285067 2486893.846838 0.000000
607861.336169 2486894.598662 0.000000
607856.387272 2486895.350487 0.000000
607851.438374 2486896.102311 0.000000
607846.489476 2486896.854136 0.000000
607841.540579 2486897.605960 0.000000
607836.591681 2486898.357784 0.000000
607831.642783 2486899.109609 0.000000
607826.693886 2486899.861433 0.000000
607821.744988 2486900.613258 0.000000
607816.796091 2486901.365082 0.000000
607811.847193 2486902.116907 0.000000
607806.898295 2486902.868731 0.000000
607801.949398 2486903.620556 0.000000
607797.000500 2486904.372380 0.000000
607792.051602 2486905.124204 0.000000
607787.102705 2486905.876029 0.000000
607782.153807 2486906.627853 0.000000
607777.204909 2486907.379678 0.000000
607772.256012 2486908.131502 0.000000
607767.307114 2486908.883327 0.000000
607762.358217 2486909.635151 0.000000
607757.409319 2486910.386975 0.000000
607752.460421 2486911.138800 0.000000
607747.511524 2486911.890624 0.000000
607742.562626 2486912.642449 0.000000
607737.613728 2486913.394273 0.000000
607732.664831 2486914.146098 0.000000
607727.715933 2486914.897922 0.000000
607722.767035 2486915.649746 0.000000
607717.818138 2486916.401571 0.000000
607712.869240 2486917.153395 0.000000
607707.920342 2486917.905220 0.000000
607702.971445 2486918.657044 0.000000
607698.022547 2486919.408869 0.000000
607693.073650 2486920.160693 0.000000
607688.124752 2486920.912517 0.000000
607683.175854 2486921.664342 0.000000
607678.226957 2486922.416166 0.000000
607673.278059 2486923.167991 0.000000
607668.329161 2486923.919815 0.000000
607663.380264 2486924.671640 0.000000
607658.431366 2486925.423464 0.000000
607653.482468 2486926.175288 0.000000
607648.533571 2486926.927113 0.000000
607643.584673 2486927.678937 0.000000
607638.635776 2486928.430762 0.000000
607633.686878 2486929.182586 0.000000
607628.737980 2486929.934411 0.000000
607623.789083 2486930.686235 0.000000
607618.840185 2486931.438060 0.000000
607613.891287 2486932.189884 0.000000
607608.942390 2486932.941708 0.000000
607603.993492 2486933.693533 0.000000
607599.044594 2486934.445357 0.000000
607594.095697 2486935.197182 0.000000
607589.146799 2486935.949006 0.000000
607584.197902 2486936.700831 0.000000
607579.249004 2486937.452655 0.000000
607574.300106 2486938.204479 0.000000
607569.351209 2486938.956304 0.000000
607564.402311 2486939.708128 0.000000
607559.453413 2486940.459953 0.000000
607554.504516 2486941.211777 0.000000
607549.555618 2486941.963602 0.000000
607544.606720 2486942.715426 0.000000
607539.657823 2486943.467250 0.000000
607534.708925 2486944.219075 0.000000
607529.760027 2486944.970899 0.000000
607524.811130 2486945.722724 0.000000
607519.862232 2486946.474548 0.000000
607514.913335 2486947.226373 0.000000
607509.964437 2486947.978197 0.000000
607505.015539 2486948.730021 0.000000
607500.128047 2486949.780021 0.000000
607495.240554 2486950.830020 0.000000
607490.353062 2486951.880019 0.000000
607485.465569 2486952.930018 0.000000
607480.578076 2486953.980017 0.000000
607475.690584 2486955.030016 0.000000
607470.803091 2486956.080016 0.000000
607465.915599 2486957.130015 0.000000
607461.028106 2486958.180014 0.000000
607456.140613 2486959.230013 0.000000
607451.253121 2486960.280012 0.000000
607446.365628 2486961.330011 0.000000
607441.478136 2486962.380011 0.000000
607436.590643 2486963.430010 0.000000
607431.703151 2486964.480009 0.000000
607426.815658 2486965.530008 0.000000
607421.928165 2486966.580007 0.000000
607417.040673 2486967.630006 0.000000
607412.153180 2486968.680005 0.000000
607407.265688 2486969.730005 0.000000
607402.378195 2486970.780004 0.000000
607397.490703 2486971.830003 0.000000
607392.603210 2486972.880002 0.000000
607387.715717 2486973.930001 0.000000
607382.828225 2486974.980000 0.000000
607377.940732 2486976.030000 0.000000
607373.053240 2486977.079999 0.000000
607368.165747 2486978.129998 0.000000
607363.278255 2486979.179997 0.000000
607358.390762 2486980.229996 0.000000
607353.503269 2486981.279995 0.000000
607348.615777 2486982.329994 0.000000
607343.728284 2486983.379994 0.000000
607338.840792 2486984.429993 0.000000
607333.953299 2486985.479992 0.000000
607329.065806 2486986.529991 0.000000
607324.178314 2486987.579990 0.000000
607319.290821 2486988.629989 0.000000
607314.403329 2486989.679989 0.000000
607309.515836 2486990.729988 0.000000
607304.628344 2486991.779987 0.000000
607299.740851 2486992.829986 0.000000
607294.853358 2486993.879985 0.000000
607289.965866 2486994.929984 0.000000
607285.078373 2486995.979984 0.000000
607280.190881 2486997.029983 0.000000
607275.303388 2486998.079982 0.000000
607270.415896 2486999.129981 0.000000
607265.528403 2487000.179980 0.000000
607260.640910 2487001.229979 0.000000
607255.753418 2487002.279978 0.000000
607250.865925 2487003.329978 0.000000
607245.978433 2487004.379977 0.000000
607241.090940 2487005.429976 0.000000
607236.203448 2487006.479975 0.000000
607231.315955 2487007.529974 0.000000
607226.428462 2487008.579973 0.000000
607221.540970 2487009.629973 0.000000
607216.653477 2487010.679972 0.000000
607211.765985 2487011.729971 0.000000
607206.878492 2487012.779970 0.000000
607201.990999 2487013.829969 0.000000
607197.103507 2487014.879968 0.000000
607192.216014 2487015.929967 0.000000
607187.328522 2487016.979967 0.000000
607182.441029 2487018.029966 0.000000
607177.553537 2487019.079965 0.000000
607172.666044 2487020.129964 0.000000
607167.778551 2487021.179963 0.000000
607162.891059 2487022.229962 0.000000
607158.003566 2487023.279962 0.000000
607153.116074 2487024.329961 0.000000
607148.228581 2487025.379960 0.000000
607143.341089 2487026.429959 0.000000
607138.453596 2487027.479958 0.000000
607133.566103 2487028.529957 0.000000
607128.678611 2487029.579957 0.000000
607123.791118 2487030.629956 0.000000
607118.903626 2487031.679955 0.000000
607114.016133 2487032.729954 0.000000
607109.073398 2487033.486278 0.000000
607104.130662 2487034.242603 0.000000
607099.187926 2487034.998927 0.000000
607094.245191 2487035.755252 0.000000
607089.302455 2487036.511576 0.000000
607084.359720 2487037.267901 0.000000
607079.416984 2487038.024225 0.000000
607074.474249 2487038.780550 0.000000
607069.531513 2487039.536874 0.000000
607064.588778 2487040.293199 0.000000
607059.646042 2487041.049523 0.000000
607054.703306 2487041.805848 0.000000
607049.760571 2487042.562172 0.000000
607044.817835 2487043.318497 0.000000
607039.875100 2487044.074821 0.000000
607034.932364 2487044.831146 0.000000
607029.989629 2487045.587470 0.000000
607025.046893 2487046.343795 0.000000
607020.104158 2487047.100119 0.000000
607015.161422 2487047.856444 0.000000
607010.218686 2487048.612768 0.000000
607005.275951 2487049.369093 0.000000
607000.333215 2487050.125417 0.000000
606995.390480 2487050.881742 0.000000
606990.447744 2487051.638066 0.000000
606985.505009 2487052.394391 0.000000
606980.562273 2487053.150715 0.000000
606975.619538 2487053.907040 0.000000
606970.676802 2487054.663364 0.000000
606965.734067 2487055.419689 0.000000
606960.791331 2487056.176013 0.000000
606955.848595 2487056.932338 0.000000
606950.905860 2487057.688662 0.000000
606945.963124 2487058.444987 0.000000
606941.020389 2487059.201311 0.000000
606936.077653 2487059.957636 0.000000
606931.134918 2487060.713960 0.000000
606926.192182 2487061.470285 0.000000
606921.249447 2487062.226609 0.000000
606916.306711 2487062.982934 0.000000
606911.363975 2487063.739258 0.000000
606906.421240 2487064.495583 0.000000
606901.478504 2487065.251907 0.000000
606896.535769 2487066.008232 0.000000
606891.593033 2487066.764556 0.000000
606886.650298 2487067.520881 0.000000
606881.707562 2487068.277205 0.000000
606876.764827 2487069.033530 0.000000
606871.822091 2487069.789854 0.000000
606866.879355 2487070.546178 0.000000
606861.936620 2487071.302503 0.000000
606856.993884 2487072.058827 0.000000
606852.051149 2487072.815152 0.000000
606847.108413 2487073.571476 0.000000
606842.165678 2487074.327801 0.000000
606837.222942 2487075.084125 0.000000
606832.280207 2487075.840450 0.000000
606827.337471 2487076.596774 0.000000
606822.394736 2487077.353099 0.000000
606817.452000 2487078.109423 0.000000
606812.509264 2487078.865748 0.000000
606807.566529 2487079.622072 0.000000
606802.623793 2487080.378397 0.000000
606797.681058 2487081.134721 0.000000
606792.738322 2487081.891046 0.000000
606787.795587 2487082.647370 0.000000
606782.852851 2487083.403695 0.000000
606777.910116 2487084.160019 0.000000
606772.967380 2487084.916344 0.000000
606768.024644 2487085.672668 0.000000
606763.081909 2487086.428993 0.000000
606758.139173 2487087.185317 0.000000
606753.196438 2487087.941642 0.000000
606748.253702 2487088.697966 0.000000
606743.310967 2487089.454291 0.000000
606738.368231 2487090.210615 0.000000
606733.425496 2487090.966940 0.000000
606728.482760 2487091.723264 0.000000
606723.540024 2487092.479589 0.000000
606718.597289 2487093.235913 0.000000
606713.654553 2487093.992238 0.000000
606708.711818 2487094.748562 0.000000
606703.769082 2487095.504887 0.000000
606698.826347 2487096.261211 0.000000
606693.883611 2487097.017536 0.000000
606688.940876 2487097.773860 0.000000
606683.998140 2487098.530185 0.000000
606679.055405 2487099.286509 0.000000
606674.112669 2487100.042834 0.000000
606669.169933 2487100.799158 0.000000
606664.227198 2487101.555483 0.000000
606659.284462 2487102.311807 0.000000
606654.341727 2487103.068132 0.000000
606649.398991 2487103.824456 0.000000
606644.456256 2487104.580781 0.000000
606639.513520 2487105.337105 0.000000
606634.570785 2487106.093430 0.000000
606629.628049 2487106.849754 0.000000
606624.685313 2487107.606079 0.000000
606619.742578 2487108.362403 0.000000
606614.799842 2487109.118727 0.000000
606609.857107 2487109.875052 0.000000
606604.914371 2487110.631376 0.000000
606599.971636 2487111.387701 0.000000
606595.028900 2487112.144025 0.000000
606590.086165 2487112.900350 0.000000
606585.143429 2487113.656674 0.000000
606580.200693 2487114.412999 0.000000
606575.257958 2487115.169323 0.000000
606570.315222 2487115.925648 0.000000
606565.372487 2487116.681972 0.000000
606560.429751 2487117.438297 0.000000
606555.487016 2487118.194621 0.000000
606550.544280 2487118.950946 0.000000
606545.601545 2487119.707270 0.000000
606540.658809 2487120.463595 0.000000
606535.716074 2487121.219919 0.000000
606530.773338 2487121.976244 0.000000
606525.830602 2487122.732568 0.000000
606520.887867 2487123.488893 0.000000
606515.945131 2487124.245217 0.000000
606511.002396 2487125.001542 0.000000
606506.059660 2487125.757866 0.000000
606501.116925 2487126.514191 0.000000
606496.174189 2487127.270515 0.000000
606491.231454 2487128.026840 0.000000
606486.288718 2487128.783164 0.000000
606481.345982 2487129.539489 0.000000
606476.403247 2487130.295813 0.000000
606471.460511 2487131.052138 0.000000
606466.517776 2487131.808462 0.000000
606461.575040 2487132.564787 0.000000
606456.632305 2487133.321111 0.000000
606451.689569 2487134.077436 0.000000
606446.746834 2487134.833760 0.000000
606441.804098 2487135.590085 0.000000
606436.861362 2487136.346409 0.000000
606431.918627 2487137.102734 0.000000
606426.975891 2487137.859058 0.000000
606422.033156 2487138.615383 0.000000
606417.090420 2487139.371707 0.000000
606412.147685 2487140.128032 0.000000
606407.204949 2487140.884356 0.000000
606402.262214 2487141.640681 0.000000
606397.319478 2487142.397005 0.000000
606392.376743 2487143.153330 0.000000
606387.434007 2487143.909654 0.000000
606382.491271 2487144.665979 0.000000
606377.548536 2487145.422303 0.000000
606372.605800 2487146.178628 0.000000
606367.663065 2487146.934952 0.000000
606362.720329 2487147.691276 0.000000
606357.777594 2487148.447601 0.000000
606352.834858 2487149.203925 0.000000
606347.892123 2487149.960250 0.000000
606342.949387 2487150.716574 0.000000
606338.006651 2487151.472899 0.000000
606333.063916 2487152.229223 0.000000
606328.121180 2487152.985548 0.000000
606323.178445 2487153.741872 0.000000
606318.235709 2487154.498197 0.000000
606313.292974 2487155.254521 0.000000
606308.350238 2487156.010846 0.000000
606303.407503 2487156.767170 0.000000
606298.464767 2487157.523495 0.000000
606293.522031 2487158.279819 0.000000
606288.579296 2487159.036144 0.000000
606283.636560 2487159.792468 0.000000
606278.693825 2487160.548793 0.000000
606273.751089 2487161.305117 0.000000
606268.808354 2487162.061442 0.000000
606263.865618 2487162.817766 0.000000
606258.922883 2487163.574091 0.000000
606253.980147 2487164.330415 0.000000
606249.037412 2487165.086740 0.000000
606244.094676 2487165.843064 0.000000
606239.151940 2487166.599389 0.000000
606234.209205 2487167.355713 0.000000
606229.266469 2487168.112038 0.000000
606224.323734 2487168.868362 0.000000
606219.380998 2487169.624687 0.000000
606214.438263 2487170.381011 0.000000
606209.495527 2487171.137336 0.000000
606204.552792 2487171.893660 0.000000
606199.610056 2487172.649985 0.000000
606194.667320 2487173.406309 0.000000
606189.724585 2487174.162634 0.000000
606184.781849 2487174.918958 0.000000
606179.839114 2487175.675283 0.000000
606174.896378 2487176.431607 0.000000
606169.953643 2487177.187932 0.000000
606165.010907 2487177.944256 0.000000
606160.068172 2487178.700581 0.000000
606155.125436 2487179.456905 0.000000
606150.182701 2487180.213230 0.000000
606145.239965 2487180.969554 0.000000
606140.297229 2487181.725879 0.000000
606135.354494 2487182.482203 0.000000
606130.411758 2487183.238528 0.000000
606125.469023 2487183.994852 0.000000
606120.526287 2487184.751176 0.000000
606115.583552 2487185.507501 0.000000
606110.640816 2487186.263825 0.000000
606105.698081 2487187.020150 0.000000
606100.755345 2487187.776474 0.000000
606095.812609 2487188.532799 0.000000
606090.869874 2487189.289123 0.000000
606085.927138 2487190.045448 0.000000
606080.984403 2487190.801772 0.000000
606076.041667 2487191.558097 0.000000
606071.098932 2487192.314421 0.000000
606066.156196 2487193.070746 0.000000
606061.213461 2487193.827070 0.000000
606056.270725 2487194.583395 0.000000
606051.327989 2487195.339719 0.000000
606046.385254 2487196.096044 0.000000
606041.442518 2487196.852368 0.000000
606036.499783 2487197.608693 0.000000
606031.557047 2487198.365017 0.000000
606026.614312 2487199.121342 0.000000
606021.671576 2487199.877666 0.000000
606016.728841 2487200.633991 0.000000
606011.786105 2487201.390315 0.000000
606006.843370 2487202.146640 0.000000
606001.900634 2487202.902964 0.000000
605996.957898 2487203.659289 0.000000
605992.015163 2487204.415613 0.000000
605987.072427 2487205.171938 0.000000
605982.129692 2487205.928262 0.000000
605977.186956 2487206.684587 0.000000
605972.244221 2487207.440911 0.000000
605967.301485 2487208.197236 0.000000
605962.358750 2487208.953560 0.000000
605957.416014 2487209.709885 0.000000
605952.473278 2487210.466209 0.000000
605947.530543 2487211.222534 0.000000
605942.587807 2487211.978858 0.000000
605937.645072 2487212.735183 0.000000
605932.702336 2487213.491507 0.000000
605927.759601 2487214.247832 0.000000
605922.816865 2487215.004156 0.000000
605917.874130 2487215.760481 0.000000
605912.931394 2487216.516805 0.000000
605907.988658 2487217.273130 0.000000
605903.045923 2487218.029454 0.000000
605898.103187 2487218.785779 0.000000
605893.160452 2487219.542103 0.000000
605888.217716 2487220.298428 0.000000
605883.274981 2487221.054752 0.000000
605878.332245 2487221.811077 0.000000
605873.389510 2487222.567401 0.000000
605868.446774 2487223.323725 0.000000
605863.504039 2487224.080050 0.000000
605858.561303 2487224.836374 0.000000
605853.618567 2487225.592699 0.000000
605848.675832 2487226.349023 0.000000
605843.733096 2487227.105348 0.000000
605838.790361 2487227.861672 0.000000
605833.847625 2487228.617997 0.000000
605828.904890 2487229.374321 0.000000
605823.962154 2487230.130646 0.000000
605819.019419 2487230.886970 0.000000
605814.076683 2487231.643295 0.000000
605809.133947 2487232.399619 0.000000
605804.191212 2487233.155944 0.000000
605799.248476 2487233.912268 0.000000
605794.305741 2487234.668593 0.000000
605789.363005 2487235.424917 0.000000
605784.420270 2487236.181242 0.000000
605779.477534 2487236.937566 0.000000
605774.534799 2487237.693891 0.000000
605769.592063 2487238.450215 0.000000
605764.649327 2487239.206540 0.000000
605759.706592 2487239.962864 0.000000
605754.763856 2487240.719189 0.000000
605749.821121 2487241.475513 0.000000
605744.878385 2487242.231838 0.000000
605739.935650 2487242.988162 0.000000
605734.992914 2487243.744487 0.000000
605730.050179 2487244.500811 0.000000
605725.107443 2487245.257136 0.000000
605720.164708 2487246.013460 0.000000
605715.221972 2487246.769785 0.000000
605710.279236 2487247.526109 0.000000
605705.336501 2487248.282434 0.000000
605700.393765 2487249.038758 0.000000
605695.451030 2487249.795083 0.000000
605690.508294 2487250.551407 0.000000
605685.565559 2487251.307732 0.000000
605680.622823 2487252.064056 0.000000
605675.680088 2487252.820381 0.000000
605670.737352 2487253.576705 0.000000
605665.794616 2487254.333030 0.000000
605660.851881 2487255.089354 0.000000
605655.909145 2487255.845679 0.000000
605650.966410 2487256.602003 0.000000
605646.023674 2487257.358328 0.000000
605641.080939 2487258.114652 0.000000
605636.138203 2487258.870977 0.000000
605631.195468 2487259.627301 0.000000
605626.252732 2487260.383625 0.000000
605621.309996 2487261.139950 0.000000
605616.367261 2487261.896274 0.000000
605611.424525 2487262.652599 0.000000
605606.481790 2487263.408923 0.000000
605601.539054 2487264.165248 0.000000
605596.596319 2487264.921572 0.000000
605591.653583 2487265.677897 0.000000
605586.710848 2487266.434221 0.000000
605581.768112 2487267.190546 0.000000
605576.825377 2487267.946870 0.000000
605571.882641 2487268.703195 0.000000
605566.939905 2487269.459519 0.000000
605561.997170 2487270.215844 0.000000
605557.054434 2487270.972168 0.000000
605552.111699 2487271.728493 0.000000
605547.168963 2487272.484817 0.000000
605542.226228 2487273.241142 0.000000
605537.283492 2487273.997466 0.000000
605532.340757 2487274.753791 0.000000
605527.398021 2487275.510115 0.000000
605522.455285 2487276.266440 0.000000
605517.512550 2487277.022764 0.000000
605512.569814 2487277.779089 0.000000
605507.627079 2487278.535413 0.000000
605502.684343 2487279.291738 0.000000
605497.741608 2487280.048062 0.000000
605492.798872 2487280.804387 0.000000
605487.856137 2487281.560711 0.000000
605482.913401 2487282.317036 0.000000
605477.970665 2487283.073360 0.000000
605473.027930 2487283.829685 0.000000
605468.085194 2487284.586009 0.000000
605463.142459 2487285.342334 0.000000
605458.199723 2487286.098658 0.000000
605453.256988 2487286.854983 0.000000
605448.314252 2487287.611307 0.000000
605443.371517 2487288.367632 0.000000
605438.428781 2487289.123956 0.000000
605433.486046 2487289.880281 0.000000
605428.543310 2487290.636605 0.000000
605423.600574 2487291.392930 0.000000
605418.657839 2487292.149254 0.000000
605413.715103 2487292.905579 0.000000
605408.772368 2487293.661903 0.000000
605403.829632 2487294.418228 0.000000
605398.886897 2487295.174552 0.000000
605393.944161 2487295.930877 0.000000
605389.001426 2487296.687201 0.000000
605384.058690 2487297.443526 0.000000
605379.115954 2487298.199850 0.000000
605374.173219 2487298.956174 0.000000
605369.230483 2487299.712499 0.000000
605364.287748 2487300.468823 0.000000
605359.345012 2487301.225148 0.000000
605354.402277 2487301.981472 0.000000
605349.459541 2487302.737797 0.000000
605344.516806 2487303.494121 0.000000
605339.574070 2487304.250446 0.000000
605334.631334 2487305.006770 0.000000
605329.688599 2487305.763095 0.000000
605324.745863 2487306.519419 0.000000
605319.803128 2487307.275744 0.000000
605314.860392 2487308.032068 0.000000
605309.917657 2487308.788393 0.000000
605304.974921 2487309.544717 0.000000
605300.032186 2487310.301042 0.000000
605295.089450 2487311.057366 0.000000
605290.146715 2487311.813691 0.000000
605285.203979 2487312.570015 0.000000
605280.261243 2487313.326340 0.000000
605275.318508 2487314.082664 0.000000
605270.375772 2487314.838989 0.000000
605265.433037 2487315.595313 0.000000
605260.490301 2487316.351638 0.000000
605255.547566 2487317.107962 0.000000
605250.604830 2487317.864287 0.000000
605245.662095 2487318.620611 0.000000
605240.719359 2487319.376936 0.000000
605235.776623 2487320.133260 0.000000
605230.833888 2487320.889585 0.000000
605225.891152 2487321.645909 0.000000
605220.948417 2487322.402234 0.000000
605216.005681 2487323.158558 0.000000
605211.062946 2487323.914883 0.000000
605206.120210 2487324.671207 0.000000
605201.177475 2487325.427532 0.000000
605196.234739 2487326.183856 0.000000
605191.292003 2487326.940181 0.000000
605186.349268 2487327.696505 0.000000
605181.406532 2487328.452830 0.000000
605176.463797 2487329.209154 0.000000
605171.521061 2487329.965479 0.000000
605166.578326 2487330.721803 0.000000
605161.635590 2487331.478128 0.000000
605156.692855 2487332.234452 0.000000
605151.750119 2487332.990777 0.000000
605146.807384 2487333.747101 0.000000
605141.864648 2487334.503426 0.000000
605136.921912 2487335.259750 0.000000
605131.979177 2487336.016075 0.000000
605127.036441 2487336.772399 0.000000
605122.093706 2487337.528723 0.000000
605117.150970 2487338.285048 0.000000
605112.208235 2487339.041372 0.000000
605107.265499 2487339.797697 0.000000
605102.322764 2487340.554021 0.000000
605097.380028 2487341.310346 0.000000
605092.437292 2487342.066670 0.000000
605087.494557 2487342.822995 0.000000
605082.551821 2487343.579319 0.000000
605077.609086 2487344.335644 0.000000
605072.666350 2487345.091968 0.000000
605067.723615 2487345.848293 0.000000
605062.780879 2487346.604617 0.000000
605057.838144 2487347.360942 0.000000
605052.895408 2487348.117266 0.000000
605047.952672 2487348.873591 0.000000
605043.009937 2487349.629915 0.000000
605038.067201 2487350.386240 0.000000
605033.124466 2487351.142564 0.000000
605028.181730 2487351.898889 0.000000
605023.238995 2487352.655213 0.000000
605018.296259 2487353.411538 0.000000
605013.353524 2487354.167862 0.000000
605008.410788 2487354.924187 0.000000
605003.468053 2487355.680511 0.000000
604998.525317 2487356.436836 0.000000
604993.582581 2487357.193160 0.000000
604988.639846 2487357.949485 0.000000
604983.697110 2487358.705809 0.000000
604978.754375 2487359.462134 0.000000
604973.811639 2487360.218458 0.000000
604968.868904 2487360.974783 0.000000
604963.926168 2487361.731107 0.000000
604958.983433 2487362.487432 0.000000
604954.040697 2487363.243756 0.000000
604949.097961 2487364.000081 0.000000
604944.155226 2487364.756405 0.000000
604939.212490 2487365.512730 0.000000
604934.269755 2487366.269054 0.000000
604929.327019 2487367.025379 0.000000
604924.384284 2487367.781703 0.000000
604919.441548 2487368.538028 0.000000
604914.498813 2487369.294352 0.000000
604909.556077 2487370.050677 0.000000
604904.613341 2487370.807001 0.000000
604899.670606 2487371.563326 0.000000
604894.727870 2487372.319650 0.000000
604889.785135 2487373.075975 0.000000
604884.842399 2487373.832299 0.000000
604879.899664 2487374.588623 0.000000
604874.956928 2487375.344948 0.000000
604870.014193 2487376.101272 0.000000
604865.071457 2487376.857597 0.000000
604860.128722 2487377.613921 0.000000
604855.185986 2487378.370246 0.000000
604850.243250 2487379.126570 0.000000
604845.300515 2487379.882895 0.000000
604840.357779 2487380.639219 0.000000
604835.415044 2487381.395544 0.000000
604830.472308 2487382.151868 0.000000
604825.529573 2487382.908193 0.000000
604820.586837 2487383.664517 0.000000
604815.644102 2487384.420842 0.000000
604810.701366 2487385.177166 0.000000
604805.758630 2487385.933491 0.000000
604800.815895 2487386.689815 0.000000
604795.873159 2487387.446140 0.000000
604790.930424 2487388.202464 0.000000
604785.987688 2487388.958789 0.000000
604781.044953 2487389.715113 0.000000
604776.102217 2487390.471438 0.000000
604771.159482 2487391.227762 0.000000
604766.216746 2487391.984087 0.000000
604761.274011 2487392.740411 0.000000
604756.331275 2487393.496736 0.000000
604751.388539 2487394.253060 0.000000
604746.445804 2487395.009385 0.000000
604741.503068 2487395.765709 0.000000
604736.560333 2487396.522034 0.000000
604731.617597 2487397.278358 0.000000
604726.674862 2487398.034683 0.000000
604721.732126 2487398.791007 0.000000
604716.789391 2487399.547332 0.000000
604711.846655 2487400.303656 0.000000
604706.903919 2487401.059981 0.000000
604701.961184 2487401.816305 0.000000
604697.018448 2487402.572630 0.000000
604692.075713 2487403.328954 0.000000
604687.132977 2487404.085279 0.000000
604682.190242 2487404.841603 0.000000
604677.247506 2487405.597928 0.000000
604672.304771 2487406.354252 0.000000
604667.362035 2487407.110577 0.000000
604662.419299 2487407.866901 0.000000
604657.476564 2487408.623226 0.000000
604652.533828 2487409.379550 0.000000
604647.591093 2487410.135875 0.000000
604642.648357 2487410.892199 0.000000
604637.705622 2487411.648524 0.000000
604632.762886 2487412.404848 0.000000
604627.820151 2487413.161172 0.000000
604622.877415 2487413.917497 0.000000
604617.934680 2487414.673821 0.000000
604612.991944 2487415.430146 0.000000
604608.049208 2487416.186470 0.000000
604603.106473 2487416.942795 0.000000
604598.163737 2487417.699119 0.000000
604593.221002 2487418.455444 0.000000
604588.278266 2487419.211768 0.000000
604583.335531 2487419.968093 0.000000
604578.392795 2487420.724417 0.000000
604573.450060 2487421.480742 0.000000
604568.507324 2487422.237066 0.000000
604563.564588 2487422.993391 0.000000
604558.621853 2487423.749715 0.000000
604553.679117 2487424.506040 0.000000
604548.736382 2487425.262364 0.000000
604543.793646 2487426.018689 0.000000
604538.850911 2487426.775013 0.000000
604533.908175 2487427.531338 0.000000
604528.965440 2487428.287662 0.000000
604524.022704 2487429.043987 0.000000
604519.079968 2487429.800311 0.000000
604514.137233 2487430.556636 0.000000
604509.194497 2487431.312960 0.000000
604504.251762 2487432.069285 0.000000
604499.309026 2487432.825609 0.000000
604494.366291 2487433.581934 0.000000
604489.423555 2487434.338258 0.000000
604484.480820 2487435.094583 0.000000
604479.538084 2487435.850907 0.000000
604474.595349 2487436.607232 0.000000
604469.652613 2487437.363556 0.000000
604464.709877 2487438.119881 0.000000
604459.767142 2487438.876205 0.000000
604454.824406 2487439.632530 0.000000
604449.881671 2487440.388854 0.000000
604444.938935 2487441.145179 0.000000
604439.996200 2487441.901503 0.000000
604435.053464 2487442.657828 0.000000
604430.110729 2487443.414152 0.000000
604425.167993 2487444.170477 0.000000
604420.225257 2487444.926801 0.000000
604415.282522 2487445.683126 0.000000
604410.339786 2487446.439450 0.000000
604405.397051 2487447.195775 0.000000
604400.454315 2487447.952099 0.000000
604395.511580 2487448.708424 0.000000
604390.568844 2487449.464748 0.000000
604385.626109 2487450.221072 0.000000
604380.683373 2487450.977397 0.000000
604375.740637 2487451.733721 0.000000
604370.797902 2487452.490046 0.000000
604365.855166 2487453.246370 0.000000
604360.912431 2487454.002695 0.000000
604355.969695 2487454.759019 0.000000
604351.026960 2487455.515344 0.000000
604346.084224 2487456.271668 0.000000
604341.141489 2487457.027993 0.000000
604336.198753 2487457.784317 0.000000
604331.256018 2487458.540642 0.000000
604326.313282 2487459.296966 0.000000
604321.370546 2487460.053291 0.000000
604316.427811 2487460.809615 0.000000
604311.485075 2487461.565940 0.000000
604306.542340 2487462.322264 0.000000
604301.599604 2487463.078589 0.000000
604296.656869 2487463.834913 0.000000
604291.714133 2487464.591238 0.000000
604286.771398 2487465.347562 0.000000
604281.828662 2487466.103887 0.000000
604276.885926 2487466.860211 0.000000
604271.943191 2487467.616536 0.000000
604267.000455 2487468.372860 0.000000
604262.057720 2487469.129185 0.000000
604257.114984 2487469.885509 0.000000
604252.172249 2487470.641834 0.000000
604247.229513 2487471.398158 0.000000
604242.286778 2487472.154483 0.000000
604237.344042 2487472.910807 0.000000
604232.401306 2487473.667132 0.000000
604227.458571 2487474.423456 0.000000
604222.515835 2487475.179781 0.000000
604217.573100 2487475.936105 0.000000
604212.630364 2487476.692430 0.000000
604207.687629 2487477.448754 0.000000
604202.744893 2487478.205079 0.000000
604197.802158 2487478.961403 0.000000
604192.859422 2487479.717728 0.000000
604187.916687 2487480.474052 0.000000
604182.973951 2487481.230377 0.000000
604178.031215 2487481.986701 0.000000
604173.088480 2487482.743026 0.000000
604168.145744 2487483.499350 0.000000
604163.203009 2487484.255675 0.000000
604158.260273 2487485.011999 0.000000
604153.317538 2487485.768324 0.000000
604148.374802 2487486.524648 0.000000
604143.432067 2487487.280973 0.000000
604138.489331 2487488.037297 0.000000
604133.546595 2487488.793621 0.000000
604128.603860 2487489.549946 0.000000
604123.661124 2487490.306270 0.000000
604118.718389 2487491.062595 0.000000
604113.775653 2487491.818919 0.000000
604108.832918 2487492.575244 0.000000
604103.890182 2487493.331568 0.000000
604098.947447 2487494.087893 0.000000
604094.004711 2487494.844217 0.000000
604089.061975 2487495.600542 0.000000
604084.119240 2487496.356866 0.000000
604079.176504 2487497.113191 0.000000
604074.233769 2487497.869515 0.000000
604069.291033 2487498.625840 0.000000
604064.348298 2487499.382164 0.000000
604059.405562 2487500.138489 0.000000
604054.462827 2487500.894813 0.000000
604049.520091 2487501.651138 0.000000
604044.577356 2487502.407462 0.000000
604039.634620 2487503.163787 0.000000
604034.691884 2487503.920111 0.000000
604029.749149 2487504.676436 0.000000
604024.806413 2487505.432760 0.000000
604019.863678 2487506.189085 0.000000
604014.920942 2487506.945409 0.000000
604009.978207 2487507.701734 0.000000
604005.035471 2487508.458058 0.000000
604000.092736 2487509.214383 0.000000
603995.150000 2487509.970707 0.000000
603990.207264 2487510.727032 0.000000
603985.264529 2487511.483356 0.000000
603980.321793 2487512.239681 0.000000
603975.379058 2487512.996005 0.000000
603970.436322 2487513.752330 0.000000
603965.493587 2487514.508654 0.000000
603960.550851 2487515.264979 0.000000
603955.608116 2487516.021303 0.000000
603950.665380 2487516.777628 0.000000
603945.722644 2487517.533952 0.000000
603940.779909 2487518.290277 0.000000
603935.837173 2487519.046601 0.000000
603930.894438 2487519.802926 0.000000
603925.951702 2487520.559250 0.000000
603921.008967 2487521.315575 0.000000
603916.066231 2487522.071899 0.000000
603911.123496 2487522.828224 0.000000
603906.180760 2487523.584548 0.000000
603901.238025 2487524.340873 0.000000
603896.295289 2487525.097197 0.000000
603891.352553 2487525.853521 0.000000
603886.409818 2487526.609846 0.000000
603881.467082 2487527.366170 0.000000
603876.524347 2487528.122495 0.000000
603871.581611 2487528.878819 0.000000
603866.638876 2487529.635144 0.000000
603861.696140 2487530.391468 0.000000
603856.753405 2487531.147793 0.000000
603851.810669 2487531.904117 0.000000
603846.867933 2487532.660442 0.000000
603841.925198 2487533.416766 0.000000
603836.982462 2487534.173091 0.000000
603832.039727 2487534.929415 0.000000
603827.096991 2487535.685740 0.000000
603822.154256 2487536.442064 0.000000
603817.211520 2487537.198389 0.000000
603812.268785 2487537.954713 0.000000
603807.326049 2487538.711038 0.000000
603802.383313 2487539.467362 0.000000
603797.440578 2487540.223687 0.000000
603792.497842 2487540.980011 0.000000
603787.555107 2487541.736336 0.000000
603782.612371 2487542.492660 0.000000
603777.669636 2487543.248985 0.000000
603772.726900 2487544.005309 0.000000
603767.784165 2487544.761634 0.000000
603762.841429 2487545.517958 0.000000
603757.898694 2487546.274283 0.000000
603752.955958 2487547.030607 0.000000
603748.013222 2487547.786932 0.000000
603743.070487 2487548.543256 0.000000
603738.127751 2487549.299581 0.000000
603733.185016 2487550.055905 0.000000
603728.242280 2487550.812230 0.000000
603723.299545 2487551.568554 0.000000
603718.356809 2487552.324879 0.000000
603713.414074 2487553.081203 0.000000
603708.471338 2487553.837528 0.000000
603703.528602 2487554.593852 0.000000
603698.585867 2487555.350177 0.000000
603693.643131 2487556.106501 0.000000
603688.700396 2487556.862826 0.000000
603683.757660 2487557.619150 0.000000
603678.814925 2487558.375475 0.000000
603673.872189 2487559.131799 0.000000
603668.929454 2487559.888124 0.000000
603663.986718 2487560.644448 0.000000
603659.043982 2487561.400773 0.000000
603654.101247 2487562.157097 0.000000
603649.158511 2487562.913422 0.000000
603644.215776 2487563.669746 0.000000
603639.273040 2487564.426070 0.000000
603634.330305 2487565.182395 0.000000
603629.387569 2487565.938719 0.000000
603624.444834 2487566.695044 0.000000
603619.502098 2487567.451368 0.000000
603614.559363 2487568.207693 0.000000
603609.616627 2487568.964017 0.000000
603604.673891 2487569.720342 0.000000
603599.731156 2487570.476666 0.000000
603594.788420 2487571.232991 0.000000
603589.845685 2487571.989315 0.000000
603584.902949 2487572.745640 0.000000
603579.960214 2487573.501964 0.000000
603575.017478 2487574.258289 0.000000
603570.074743 2487575.014613 0.000000
603565.132007 2487575.770938 0.000000
603560.189271 2487576.527262 0.000000
603555.246536 2487577.283587 0.000000
603550.303800 2487578.039911 0.000000
603545.361065 2487578.796236 0.000000
603540.418329 2487579.552560 0.000000
603535.475594 2487580.308885 0.000000
603530.532858 2487581.065209 0.000000
603525.590123 2487581.821534 0.000000
603520.647387 2487582.577858 0.000000
603515.704651 2487583.334183 0.000000
603510.761916 2487584.090507 0.000000
603505.819180 2487584.846832 0.000000
603500.876445 2487585.603156 0.000000
603495.933709 2487586.359481 0.000000
603490.990974 2487587.115805 0.000000
603486.048238 2487587.872130 0.000000
603481.105503 2487588.628454 0.000000
603476.162767 2487589.384779 0.000000
603471.220032 2487590.141103 0.000000
603466.277296 2487590.897428 0.000000
603461.334560 2487591.653752 0.000000
603456.391825 2487592.410077 0.000000
603451.449089 2487593.166401 0.000000
603446.506354 2487593.922726 0.000000
603441.563618 2487594.679050 0.000000
603436.620883 2487595.435375 0.000000
603431.678147 2487596.191699 0.000000
603426.735412 2487596.948024 0.000000
603421.792676 2487597.704348 0.000000
603416.849940 2487598.460673 0.000000
603411.907205 2487599.216997 0.000000
603406.964469 2487599.973322 0.000000
603402.021734 2487600.729646 0.000000
603397.072374 2487601.479646 0.000000
603392.123015 2487602.229645 0.000000
603387.173655 2487602.979645 0.000000
603382.224295 2487603.729644 0.000000
603377.274936 2487604.479644 0.000000
603372.325576 2487605.229644 0.000000
603367.376216 2487605.979643 0.000000
603362.426857 2487606.729643 0.000000
603357.477497 2487607.479642 0.000000
603352.528138 2487608.229642 0.000000
603347.578778 2487608.979641 0.000000
603342.629418 2487609.729641 0.000000
603337.680059 2487610.479641 0.000000
603332.730699 2487611.229640 0.000000
603327.781339 2487611.979640 0.000000
603322.831980 2487612.729639 0.000000
603317.882620 2487613.479639 0.000000
603312.933261 2487614.229638 0.000000
603307.983901 2487614.979638 0.000000
603303.034541 2487615.729638 0.000000
603298.085182 2487616.479637 0.000000
603293.135822 2487617.229637 0.000000
603288.186462 2487617.979636 0.000000
603283.237103 2487618.729636 0.000000
603278.287743 2487619.479636 0.000000
603273.338384 2487620.229635 0.000000
603268.389024 2487620.979635 0.000000
603263.439664 2487621.729634 0.000000
603258.490305 2487622.479634 0.000000
603253.540945 2487623.229633 0.000000
603248.591585 2487623.979633 0.000000
603243.642226 2487624.729633 0.000000
603238.692866 2487625.479632 0.000000
603233.743507 2487626.229632 0.000000
603228.794147 2487626.979631 0.000000
603223.844787 2487627.729631 0.000000
603218.895428 2487628.479631 0.000000
603213.946068 2487629.229630 0.000000
603208.996708 2487629.979630 0.000000
603204.047349 2487630.729629 0.000000
603199.097989 2487631.479629 0.000000
603194.148630 2487632.229628 0.000000
603189.199270 2487632.979628 0.000000
603184.249910 2487633.729628 0.000000
603179.300551 2487634.479627 0.000000
603174.351191 2487635.229627 0.000000
603169.401831 2487635.979626 0.000000
603164.452472 2487636.729626 0.000000
603159.503112 2487637.479626 0.000000
603154.553753 2487638.229625 0.000000
603149.604393 2487638.979625 0.000000
603144.655033 2487639.729624 0.000000
603139.705674 2487640.479624 0.000000
603134.756314 2487641.229623 0.000000
603129.806954 2487641.979623 0.000000
603124.857595 2487642.729623 0.000000
603119.908235 2487643.479622 0.000000
603114.958876 2487644.229622 0.000000
603110.009516 2487644.979621 0.000000
603105.060156 2487645.729621 0.000000
603100.110797 2487646.479621 0.000000
603095.161437 2487647.229620 0.000000
603090.212077 2487647.979620 0.000000
603085.262718 2487648.729619 0.000000
603080.313358 2487649.479619 0.000000
603075.363998 2487650.229618 0.000000
603070.414639 2487650.979618 0.000000
603065.465279 2487651.729618 0.000000
603060.515920 2487652.479617 0.000000
603055.566560 2487653.229617 0.000000
603050.617200 2487653.979616 0.000000
603045.667841 2487654.729616 0.000000
603040.718481 2487655.479616 0.000000
603035.769121 2487656.229615 0.000000
603030.819762 2487656.979615 0.000000
603025.870402 2487657.729614 0.000000
603020.921043 2487658.479614 0.000000
603015.971683 2487659.229613 0.000000
603011.022323 2487659.979613 0.000000
603006.072964 2487660.729613 0.000000
603001.123604 2487661.479612 0.000000
602996.174244 2487662.229612 0.000000
602991.224885 2487662.979611 0.000000
602986.275525 2487663.729611 0.000000
602981.326166 2487664.479610 0.000000
602976.376806 2487665.229610 0.000000
602971.427446 2487665.979610 0.000000
602966.478087 2487666.729609 0.000000
602961.528727 2487667.479609 0.000000
602956.579367 2487668.229608 0.000000
602951.630008 2487668.979608 0.000000
602946.680648 2487669.729608 0.000000
602941.731289 2487670.479607 0.000000
602936.781929 2487671.229607 0.000000
602931.832569 2487671.979606 0.000000
602926.883210 2487672.729606 0.000000
602921.933850 2487673.479605 0.000000
602916.984490 2487674.229605 0.000000
602912.035131 2487674.979605 0.000000
602907.085771 2487675.729604 0.000000
602902.136412 2487676.479604 0.000000
602897.187052 2487677.229603 0.000000
602892.237692 2487677.979603 0.000000
602887.288333 2487678.729603 0.000000
602882.338973 2487679.479602 0.000000
602877.389613 2487680.229602 0.000000
602872.440254 2487680.979601 0.000000
602867.490894 2487681.729601 0.000000
602862.541535 2487682.479600 0.000000
602857.592175 2487683.229600 0.000000
602852.642815 2487683.979600 0.000000
602847.693456 2487684.729599 0.000000
602842.744096 2487685.479599 0.000000
602837.794736 2487686.229598 0.000000
602832.845377 2487686.979598 0.000000
602827.896017 2487687.729598 0.000000
602822.946658 2487688.479597 0.000000
602817.997298 2487689.229597 0.000000
602813.047938 2487689.979596 0.000000
602808.098579 2487690.729596 0.000000
602803.149219 2487691.479595 0.000000
602798.199859 2487692.229595 0.000000
602793.250500 2487692.979595 0.000000
602788.301140 2487693.729594 0.000000
602783.351781 2487694.479594 0.000000
602778.402421 2487695.229593 0.000000
602773.453061 2487695.979593 0.000000
602768.503702 2487696.729593 0.000000
602763.554342 2487697.479592 0.000000
602758.604982 2487698.229592 0.000000
602753.655623 2487698.979591 0.000000
602748.706263 2487699.729591 0.000000
602743.756904 2487700.479590 0.000000
602738.807544 2487701.229590 0.000000
602733.858184 2487701.979590 0.000000
602728.908825 2487702.729589 0.000000
602723.959465 2487703.479589 0.000000
602719.010105 2487704.229588 0.000000
602714.060746 2487704.979588 0.000000
602709.111386 2487705.729588 0.000000
602704.162027 2487706.479587 0.000000
602699.212667 2487707.229587 0.000000
602694.263307 2487707.979586 0.000000
602689.313948 2487708.729586 0.000000
602684.364588 2487709.479585 0.000000
602679.415228 2487710.229585 0.000000
602674.465869 2487710.979585 0.000000
602669.516509 2487711.729584 0.000000
602664.567150 2487712.479584 0.000000
602659.617790 2487713.229583 0.000000
602654.668430 2487713.979583 0.000000
602649.719071 2487714.729583 0.000000
602644.769711 2487715.479582 0.000000
602639.820351 2487716.229582 0.000000
602634.870992 2487716.979581 0.000000
602629.921632 2487717.729581 0.000000
602624.972273 2487718.479580 0.000000
602620.022913 2487719.229580 0.000000
602615.073553 2487719.979580 0.000000
602610.124194 2487720.729579 0.000000
602605.174834 2487721.479579 0.000000
602600.225474 2487722.229578 0.000000
602595.276115 2487722.979578 0.000000
602590.326755 2487723.729577 0.000000
602585.377396 2487724.479577 0.000000
602580.428036 2487725.229577 0.000000
602575.478676 2487725.979576 0.000000
602570.529317 2487726.729576 0.000000
602565.579957 2487727.479575 0.000000
602560.630597 2487728.229575 0.000000
602555.681238 2487728.979575 0.000000
602550.731878 2487729.729574 0.000000
602545.782519 2487730.479574 0.000000
602540.833159 2487731.229573 0.000000
602535.883799 2487731.979573 0.000000
602530.934440 2487732.729572 0.000000
602525.985080 2487733.479572 0.000000
602521.035720 2487734.229572 0.000000
602516.086361 2487734.979571 0.000000
602511.137001 2487735.729571 0.000000
602506.187642 2487736.479570 0.000000
602501.238282 2487737.229570 0.000000
602496.288922 2487737.979570 0.000000
602491.339563 2487738.729569 0.000000
602486.390203 2487739.479569 0.000000
602481.440843 2487740.229568 0.000000
602476.491484 2487740.979568 0.000000
602471.542124 2487741.729567 0.000000
602466.592765 2487742.479567 0.000000
602461.643405 2487743.229567 0.000000
602456.694045 2487743.979566 0.000000
602451.744686 2487744.729566 0.000000
602446.795326 2487745.479565 0.000000
602441.845966 2487746.229565 0.000000
602436.896607 2487746.979565 0.000000
602431.947247 2487747.729564 0.000000
602426.997888 2487748.479564 0.000000
602422.048528 2487749.229563 0.000000
602417.099168 2487749.979563 0.000000
602412.149809 2487750.729562 0.000000
602407.200449 2487751.479562 0.000000
602402.251089 2487752.229562 0.000000
602397.301730 2487752.979561 0.000000
602392.352370 2487753.729561 0.000000
602387.403010 2487754.479560 0.000000
602382.453651 2487755.229560 0.000000
602377.504291 2487755.979560 0.000000
602372.554932 2487756.729559 0.000000
602367.605572 2487757.479559 0.000000
602362.656212 2487758.229558 0.000000
602357.706853 2487758.979558 0.000000
602352.757493 2487759.729557 0.000000
602347.808133 2487760.479557 0.000000
602342.858774 2487761.229557 0.000000
602337.909414 2487761.979556 0.000000
602332.960055 2487762.729556 0.000000
602328.010695 2487763.479555 0.000000
602323.061335 2487764.229555 0.000000
602318.111976 2487764.979555 0.000000
602313.162616 2487765.729554 0.000000
602308.213256 2487766.479554 0.000000
602303.263897 2487767.229553 0.000000
602298.314537 2487767.979553 0.000000
602293.365178 2487768.729552 0.000000
602288.415818 2487769.479552 0.000000
602283.466458 2487770.229552 0.000000
602278.517099 2487770.979551 0.000000
602273.567739 2487771.729551 0.000000
602268.618379 2487772.479550 0.000000
602263.669020 2487773.229550 0.000000
602258.719660 2487773.979549 0.000000
602253.770301 2487774.729549 0.000000
602248.820941 2487775.479549 0.000000
602243.871581 2487776.229548 0.000000
602238.922222 2487776.979548 0.000000
602233.972862 2487777.729547 0.000000
602229.023502 2487778.479547 0.000000
602224.074143 2487779.229547 0.000000
602219.124783 2487779.979546 0.000000
602214.175424 2487780.729546 0.000000
602209.226064 2487781.479545 0.000000
602204.276704 2487782.229545 0.000000
602199.327345 2487782.979544 0.000000
602194.377985 2487783.729544 0.000000
602189.428625 2487784.479544 0.000000
602184.479266 2487785.229543 0.000000
602179.529906 2487785.979543 0.000000
602174.580547 2487786.729542 0.000000
602169.631187 2487787.479542 0.000000
602164.681827 2487788.229542 0.000000
602159.732468 2487788.979541 0.000000
602154.783108 2487789.729541 0.000000
602149.833748 2487790.479540 0.000000
602144.884389 2487791.229540 0.000000
602139.935029 2487791.979539 0.000000
602134.985670 2487792.729539 0.000000
602130.036310 2487793.479539 0.000000
602125.086950 2487794.229538 0.000000
602120.137591 2487794.979538 0.000000
602115.188231 2487795.729537 0.000000
602110.238871 2487796.479537 0.000000
602105.289512 2487797.229537 0.000000
602100.340152 2487797.979536 0.000000
602095.390793 2487798.729536 0.000000
602090.441433 2487799.479535 0.000000
602085.492073 2487800.229535 0.000000
602080.542714 2487800.979534 0.000000
602075.593354 2487801.729534 0.000000
602070.643994 2487802.479534 0.000000
602065.694635 2487803.229533 0.000000
602060.745275 2487803.979533 0.000000
602055.795916 2487804.729532 0.000000
602050.846556 2487805.479532 0.000000
602045.897196 2487806.229532 0.000000
602040.947837 2487806.979531 0.000000
602035.998477 2487807.729531 0.000000
602031.049117 2487808.479530 0.000000
602026.099758 2487809.229530 0.000000
602021.150398 2487809.979529 0.000000
602016.201039 2487810.729529 0.000000
602011.251679 2487811.479529 0.000000
602006.302319 2487812.229528 0.000000
602001.352960 2487812.979528 0.000000
601996.403600 2487813.729527 0.000000
601991.454240 2487814.479527 0.000000
601986.504881 2487815.229527 0.000000
601981.555521 2487815.979526 0.000000
601976.606162 2487816.729526 0.000000
601971.656802 2487817.479525 0.000000
601966.707442 2487818.229525 0.000000
601961.758083 2487818.979524 0.000000
601956.808723 2487819.729524 0.000000
601951.859363 2487820.479524 0.000000
601946.910004 2487821.229523 0.000000
601941.960644 2487821.979523 0.000000
601937.011285 2487822.729522 0.000000
601932.061925 2487823.479522 0.000000
601927.112565 2487824.229522 0.000000
601922.163206 2487824.979521 0.000000
601917.213846 2487825.729521 0.000000
601912.264486 2487826.479520 0.000000
601907.315127 2487827.229520 0.000000
601902.365767 2487827.979519 0.000000
601897.416408 2487828.729519 0.000000
601892.467048 2487829.479519 0.000000
601887.517688 2487830.229518 0.000000
601882.568329 2487830.979518 0.000000
601877.618969 2487831.729517 0.000000
601872.669609 2487832.479517 0.000000
601867.720250 2487833.229516 0.000000
601862.770890 2487833.979516 0.000000
601857.821531 2487834.729516 0.000000
601852.872171 2487835.479515 0.000000
601847.922811 2487836.229515 0.000000
601842.973452 2487836.979514 0.000000
601838.024092 2487837.729514 0.000000
601833.045376 2487838.410365 0.000000
601828.066660 2487839.091215 0.000000
601823.087944 2487839.772066 0.000000
601818.109228 2487840.452917 0.000000
601813.130512 2487841.133768 0.000000
601808.151797 2487841.814618 0.000000
601803.173081 2487842.495469 0.000000
601798.194365 2487843.176320 0.000000
601793.215649 2487843.857171 0.000000
601788.236933 2487844.538021 0.000000
601783.258217 2487845.218872 0.000000
601778.279501 2487845.899723 0.000000
601773.300785 2487846.580574 0.000000
601768.322069 2487847.261424 0.000000
601763.343353 2487847.942275 0.000000
601758.364637 2487848.623126 0.000000
601753.385922 2487849.303977 0.000000
601748.407206 2487849.984827 0.000000
601743.428490 2487850.665678 0.000000
601738.449774 2487851.346529 0.000000
601733.471058 2487852.027380 0.000000
601728.492342 2487852.708230 0.000000
601723.513626 2487853.389081 0.000000
601718.534910 2487854.069932 0.000000
601713.556194 2487854.750783 0.000000
601708.577478 2487855.431633 0.000000
601703.598762 2487856.112484 0.000000
601698.620047 2487856.793335 0.000000
601693.641331 2487857.474186 0.000000
601688.662615 2487858.155036 0.000000
601683.683899 2487858.835887 0.000000
601678.705183 2487859.516738 0.000000
601673.726467 2487860.197589 0.000000
601668.747751 2487860.878439 0.000000
601663.769035 2487861.559290 0.000000
601658.790319 2487862.240141 0.000000
601653.811603 2487862.920992 0.000000
601648.832887 2487863.601842 0.000000
601643.854172 2487864.282693 0.000000
601638.875456 2487864.963544 0.000000
601633.896740 2487865.644395 0.000000
601628.918024 2487866.325245 0.000000
601623.939308 2487867.006096 0.000000
601618.960592 2487867.686947 0.000000
601613.981876 2487868.367798 0.000000
601609.003160 2487869.048648 0.000000
601604.024444 2487869.729499 0.000000
601599.077455 2487870.489216 0.000000
601594.130466 2487871.248933 0.000000
601589.183477 2487872.008650 0.000000
601584.236488 2487872.768367 0.000000
601579.289499 2487873.528083 0.000000
601574.342510 2487874.287800 0.000000
601569.395521 2487875.047517 0.000000
601564.448532 2487875.807234 0.000000
601559.501543 2487876.566951 0.000000
601554.554554 2487877.326668 0.000000
601549.607565 2487878.086385 0.000000
601544.660576 2487878.846102 0.000000
601539.713587 2487879.605818 0.000000
601534.766598 2487880.365535 0.000000
601529.819609 2487881.125252 0.000000
601524.872620 2487881.884969 0.000000
601519.925631 2487882.644686 0.000000
601514.978642 2487883.404403 0.000000
601510.031653 2487884.164120 0.000000
601505.084664 2487884.923837 0.000000
601500.137675 2487885.683553 0.000000
601495.190686 2487886.443270 0.000000
601490.243697 2487887.202987 0.000000
601485.296708 2487887.962704 0.000000
601480.349719 2487888.722421 0.000000
601475.402730 2487889.482138 0.000000
601470.455741 2487890.241855 0.000000
601465.508752 2487891.001571 0.000000
601460.561763 2487891.761288 0.000000
601455.614774 2487892.521005 0.000000
601450.667785 2487893.280722 0.000000
601445.720796 2487894.040439 0.000000
601440.773807 2487894.800156 0.000000
601435.826818 2487895.559873 0.000000
601430.879829 2487896.319590 0.000000
601425.932840 2487897.079306 0.000000
601420.985851 2487897.839023 0.000000
601416.038862 2487898.598740 0.000000
601411.091873 2487899.358457 0.000000
601406.144884 2487900.118174 0.000000
601401.197895 2487900.877891 0.000000
601396.250906 2487901.637608 0.000000
601391.303917 2487902.397325 0.000000
601386.356928 2487903.157041 0.000000
601381.409939 2487903.916758 0.000000
601376.462950 2487904.676475 0.000000
601371.515961 2487905.436192 0.000000
601366.568972 2487906.195909 0.000000
601361.621983 2487906.955626 0.000000
601356.674994 2487907.715343 0.000000
601351.728005 2487908.475059 0.000000
601346.781016 2487909.234776 0.000000
601341.834027 2487909.994493 0.000000
601336.887038 2487910.754210 0.000000
601331.940049 2487911.513927 0.000000
601326.993060 2487912.273644 0.000000
601322.046071 2487913.033361 0.000000
601317.099082 2487913.793078 0.000000
601312.152093 2487914.552794 0.000000
601307.205104 2487915.312511 0.000000
601302.258115 2487916.072228 0.000000
601297.311126 2487916.831945 0.000000
601292.364137 2487917.591662 0.000000
601287.417148 2487918.351379 0.000000
601282.470159 2487919.111096 0.000000
601277.523170 2487919.870813 0.000000
601272.576181 2487920.630529 0.000000
601267.629192 2487921.390246 0.000000
601262.682203 2487922.149963 0.000000
601257.735214 2487922.909680 0.000000
601252.788225 2487923.669397 0.000000
601247.841236 2487924.429114 0.000000
601242.894247 2487925.188831 0.000000
601237.947258 2487925.948547 0.000000
601233.000269 2487926.708264 0.000000
601228.053280 2487927.467981 0.000000
601223.106291 2487928.227698 0.000000
601218.159302 2487928.987415 0.000000
601213.212313 2487929.747132 0.000000
601208.265324 2487930.506849 0.000000
601203.318335 2487931.266566 0.000000
601198.371346 2487932.026282 0.000000
601193.424357 2487932.785999 0.000000
601188.477368 2487933.545716 0.000000
601183.530379 2487934.305433 0.000000
601178.583390 2487935.065150 0.000000
601173.636401 2487935.824867 0.000000
601168.689412 2487936.584584 0.000000
601163.742423 2487937.344301 0.000000
601158.795434 2487938.104017 0.000000
601153.848445 2487938.863734 0.000000
601148.901456 2487939.623451 0.000000
601143.954467 2487940.383168 0.000000
601139.007478 2487941.142885 0.000000
601134.060488 2487941.902602 0.000000
601129.113499 2487942.662319 0.000000
601124.166510 2487943.422035 0.000000
601119.219521 2487944.181752 0.000000
601114.272532 2487944.941469 0.000000
601109.325543 2487945.701186 0.000000
601104.378554 2487946.460903 0.000000
601099.431565 2487947.220620 0.000000
601094.484576 2487947.980337 0.000000
601089.537587 2487948.740054 0.000000
601084.590598 2487949.499770 0.000000
601079.643609 2487950.259487 0.000000
601074.696620 2487951.019204 0.000000
601069.749631 2487951.778921 0.000000
601064.802642 2487952.538638 0.000000
601059.855653 2487953.298355 0.000000
601054.908664 2487954.058072 0.000000
601049.961675 2487954.817789 0.000000
601045.014686 2487955.577505 0.000000
601040.067697 2487956.337222 0.000000
601035.120708 2487957.096939 0.000000
601030.173719 2487957.856656 0.000000
601025.226730 2487958.616373 0.000000
601020.279741 2487959.376090 0.000000
601015.332752 2487960.135807 0.000000
601010.385763 2487960.895524 0.000000
601005.438774 2487961.655240 0.000000
601000.491785 2487962.414957 0.000000
600995.544796 2487963.174674 0.000000
600990.597807 2487963.934391 0.000000
600985.650818 2487964.694108 0.000000
600980.703829 2487965.453825 0.000000
600975.756840 2487966.213542 0.000000
600970.809851 2487966.973258 0.000000
600965.862862 2487967.732975 0.000000
600960.915873 2487968.492692 0.000000
600955.968884 2487969.252409 0.000000
600951.021895 2487970.012126 0.000000
600946.074906 2487970.771843 0.000000
600941.127917 2487971.531560 0.000000
600936.180928 2487972.291277 0.000000
600931.233939 2487973.050993 0.000000
600926.286950 2487973.810710 0.000000
600921.339961 2487974.570427 0.000000
600916.392972 2487975.330144 0.000000
600911.445983 2487976.089861 0.000000
600906.498994 2487976.849578 0.000000
600901.552005 2487977.609295 0.000000
600896.605016 2487978.369012 0.000000
600891.658027 2487979.128728 0.000000
600886.711038 2487979.888445 0.000000
600881.764049 2487980.648162 0.000000
600876.817060 2487981.407879 0.000000
600871.870071 2487982.167596 0.000000
600866.923082 2487982.927313 0.000000
600861.976093 2487983.687030 0.000000
600857.029104 2487984.446746 0.000000
600852.082115 2487985.206463 0.000000
600847.135126 2487985.966180 0.000000
600842.188137 2487986.725897 0.000000
600837.241148 2487987.485614 0.000000
600832.294159 2487988.245331 0.000000
600827.347170 2487989.005048 0.000000
600822.400181 2487989.764765 0.000000
600817.453192 2487990.524481 0.000000
600812.506203 2487991.284198 0.000000
600807.559214 2487992.043915 0.000000
600802.612225 2487992.803632 0.000000
600797.665236 2487993.563349 0.000000
600792.718247 2487994.323066 0.000000
600787.771258 2487995.082783 0.000000
600782.824269 2487995.842500 0.000000
600777.877280 2487996.602216 0.000000
600772.930291 2487997.361933 0.000000
600767.983302 2487998.121650 0.000000
600763.036313 2487998.881367 0.000000
600758.089324 2487999.641084 0.000000
600753.142335 2488000.400801 0.000000
600748.195346 2488001.160518 0.000000
600743.248357 2488001.920234 0.000000
600738.301368 2488002.679951 0.000000
600733.354379 2488003.439668 0.000000
600728.407390 2488004.199385 0.000000
600723.460401 2488004.959102 0.000000
600718.513412 2488005.718819 0.000000
600713.566423 2488006.478536 0.000000
600708.619434 2488007.238253 0.000000
600703.672445 2488007.997969 0.000000
600698.725456 2488008.757686 0.000000
600693.778467 2488009.517403 0.000000
600688.831478 2488010.277120 0.000000
600683.884489 2488011.036837 0.000000
600678.937500 2488011.796554 0.000000
600673.990511 2488012.556271 0.000000
600669.043522 2488013.315988 0.000000
600664.096533 2488014.075704 0.000000
600659.149544 2488014.835421 0.000000
600654.202555 2488015.595138 0.000000
600649.255566 2488016.354855 0.000000
600644.308577 2488017.114572 0.000000
600639.361588 2488017.874289 0.000000
600634.414599 2488018.634006 0.000000
600629.467610 2488019.393723 0.000000
600624.520621 2488020.153439 0.000000
600619.573632 2488020.913156 0.000000
600614.626643 2488021.672873 0.000000
600609.679654 2488022.432590 0.000000
600604.732665 2488023.192307 0.000000
600599.785676 2488023.952024 0.000000
600594.838687 2488024.711741 0.000000
600589.891698 2488025.471457 0.000000
600584.944709 2488026.231174 0.000000
600579.997720 2488026.990891 0.000000
600575.050731 2488027.750608 0.000000
600570.103742 2488028.510325 0.000000
600565.156753 2488029.270042 0.000000
600560.209764 2488030.029759 0.000000
600555.262775 2488030.789476 0.000000
600550.315785 2488031.549192 0.000000
600545.368796 2488032.308909 0.000000
600540.421807 2488033.068626 0.000000
600535.474818 2488033.828343 0.000000
600530.527829 2488034.588060 0.000000
600525.580840 2488035.347777 0.000000
600520.633851 2488036.107494 0.000000
600515.686862 2488036.867211 0.000000
600510.739873 2488037.626927 0.000000
600505.792884 2488038.386644 0.000000
600500.845895 2488039.146361 0.000000
600495.898906 2488039.906078 0.000000
600490.951917 2488040.665795 0.000000
600486.004928 2488041.425512 0.000000
600481.057939 2488042.185229 0.000000
600476.110950 2488042.944945 0.000000
600471.163961 2488043.704662 0.000000
600466.216972 2488044.464379 0.000000
600461.269983 2488045.224096 0.000000
600456.322994 2488045.983813 0.000000
600451.376005 2488046.743530 0.000000
600446.429016 2488047.503247 0.000000
600441.482027 2488048.262964 0.000000
600436.535038 2488049.022680 0.000000
600431.588049 2488049.782397 0.000000
600426.641060 2488050.542114 0.000000
600421.694071 2488051.301831 0.000000
600416.747082 2488052.061548 0.000000
600411.800093 2488052.821265 0.000000
600406.853104 2488053.580982 0.000000
600401.906115 2488054.340699 0.000000
600396.959126 2488055.100415 0.000000
600392.012137 2488055.860132 0.000000
600387.065148 2488056.619849 0.000000
600382.118159 2488057.379566 0.000000
600377.171170 2488058.139283 0.000000
600372.224181 2488058.899000 0.000000
600367.277192 2488059.658717 0.000000
600362.330203 2488060.418433 0.000000
600357.383214 2488061.178150 0.000000
600352.436225 2488061.937867 0.000000
600347.489236 2488062.697584 0.000000
600342.542247 2488063.457301 0.000000
600337.595258 2488064.217018 0.000000
600332.648269 2488064.976735 0.000000
600327.701280 2488065.736452 0.000000
600322.754291 2488066.496168 0.000000
600317.807302 2488067.255885 0.000000
600312.860313 2488068.015602 0.000000
600307.913324 2488068.775319 0.000000
600302.966335 2488069.535036 0.000000
600298.019346 2488070.294753 0.000000
600293.072357 2488071.054470 0.000000
600288.125368 2488071.814187 0.000000
600283.178379 2488072.573903 0.000000
600278.231390 2488073.333620 0.000000
600273.284401 2488074.093337 0.000000
600268.337412 2488074.853054 0.000000
600263.390423 2488075.612771 0.000000
600258.443434 2488076.372488 0.000000
600253.496445 2488077.132205 0.000000
600248.549456 2488077.891921 0.000000
600243.602467 2488078.651638 0.000000
600238.655478 2488079.411355 0.000000
600233.708489 2488080.171072 0.000000
600228.761500 2488080.930789 0.000000
600223.814511 2488081.690506 0.000000
600218.867522 2488082.450223 0.000000
600213.920533 2488083.209940 0.000000
600208.973544 2488083.969656 0.000000
600204.026555 2488084.729373 0.000000
