FFASCI 0 1 "LINES" 0 1e+10
FFATTR 0 1
->1
608366.012812 2477366.744290 0.000000
608361.022079 2477367.048919 0.000000
608356.031346 2477367.353549 0.000000
608351.040613 2477367.658179 0.000000
608346.049880 2477367.962809 0.000000
608341.059146 2477368.267439 0.000000
608336.068413 2477368.572069 0.000000
608331.077680 2477368.876699 0.000000
608326.086947 2477369.181329 0.000000
608321.096213 2477369.485959 0.000000
608316.105480 2477369.790589 0.000000
608311.114747 2477370.095219 0.000000
608306.124014 2477370.399848 0.000000
608301.133281 2477370.704478 0.000000
608296.142547 2477371.009108 0.000000
608291.151814 2477371.313738 0.000000
608286.161081 2477371.618368 0.000000
608281.170348 2477371.922998 0.000000
608276.179615 2477372.227628 0.000000
608271.188881 2477372.532258 0.000000
608266.198148 2477372.836888 0.000000
608261.207415 2477373.141518 0.000000
608256.216682 2477373.446148 0.000000
608251.225949 2477373.750777 0.000000
608246.235215 2477374.055407 0.000000
608241.244482 2477374.360037 0.000000
608236.253749 2477374.664667 0.000000
608231.263016 2477374.969297 0.000000
608226.272282 2477375.273927 0.000000
608221.281549 2477375.578557 0.000000
608216.290816 2477375.883187 0.000000
608211.300083 2477376.187817 0.000000
608206.309350 2477376.492447 0.000000
608201.318616 2477376.797076 0.000000
608196.327883 2477377.101706 0.000000
608191.337150 2477377.406336 0.000000
608186.346417 2477377.710966 0.000000
608181.355684 2477378.015596 0.000000
608176.364950 2477378.320226 0.000000
608171.374217 2477378.624856 0.000000
608166.383484 2477378.929486 0.000000
608161.392751 2477379.234116 0.000000
608156.402018 2477379.538746 0.000000
608151.411284 2477379.843376 0.000000
608146.420551 2477380.148005 0.000000
608141.429818 2477380.452635 0.000000
608136.439085 2477380.757265 0.000000
608131.448351 2477381.061895 0.000000
608126.457618 2477381.366525 0.000000
608121.466885 2477381.671155 0.000000
608116.476152 2477381.975785 0.000000
608111.485419 2477382.280415 0.000000
608106.494685 2477382.585045 0.000000
608101.503952 2477382.889675 0.000000
608096.513219 2477383.194305 0.000000
608091.522486 2477383.498934 0.000000
608086.531753 2477383.803564 0.000000
608081.541019 2477384.108194 0.000000
608076.550286 2477384.412824 0.000000
608071.559553 2477384.717454 0.000000
608066.568820 2477385.022084 0.000000
608061.578087 2477385.326714 0.000000
608056.587353 2477385.631344 0.000000
608051.596620 2477385.935974 0.000000
608046.605887 2477386.240604 0.000000
608041.615154 2477386.545234 0.000000
608036.624421 2477386.849863 0.000000
608031.633687 2477387.154493 0.000000
608026.642954 2477387.459123 0.000000
608021.652221 2477387.763753 0.000000
608016.661488 2477388.068383 0.000000
608011.670754 2477388.373013 0.000000
608006.680021 2477388.677643 0.000000
608001.689288 2477388.982273 0.000000
607996.698555 2477389.286903 0.000000
607991.707822 2477389.591533 0.000000
607986.717088 2477389.896162 0.000000
607981.726355 2477390.200792 0.000000
607976.735622 2477390.505422 0.000000
607971.744889 2477390.810052 0.000000
607966.754156 2477391.114682 0.000000
607961.763422 2477391.419312 0.000000
607956.772689 2477391.723942 0.000000
607951.781956 2477392.028572 0.000000
607946.791223 2477392.333202 0.000000
607941.800490 2477392.637832 0.000000
607936.809756 2477392.942462 0.000000
607931.819023 2477393.247091 0.000000
607926.828290 2477393.551721 0.000000
607921.837557 2477393.856351 0.000000
607916.846823 2477394.160981 0.000000
607911.856090 2477394.465611 0.000000
607906.865357 2477394.770241 0.000000
607901.874624 2477395.074871 0.000000
607896.883891 2477395.379501 0.000000
607891.893157 2477395.684131 0.000000
607886.902424 2477395.988761 0.000000
607881.911691 2477396.293391 0.000000
607876.920958 2477396.598020 0.000000
607871.930225 2477396.902650 0.000000
607866.939491 2477397.207280 0.000000
607861.948758 2477397.511910 0.000000
607856.958025 2477397.816540 0.000000
607851.967292 2477398.121170 0.000000
607846.976559 2477398.425800 0.000000
607841.985825 2477398.730430 0.000000
607836.995092 2477399.035060 0.000000
607832.004359 2477399.339690 0.000000
607827.013626 2477399.644319 0.000000
607822.022893 2477399.948949 0.000000
607817.032159 2477400.253579 0.000000
607812.041426 2477400.558209 0.000000
607807.050693 2477400.862839 0.000000
607802.059960 2477401.167469 0.000000
607797.069226 2477401.472099 0.000000
607792.078493 2477401.776729 0.000000
607787.087760 2477402.081359 0.000000
607782.097027 2477402.385989 0.000000
607777.106294 2477402.690619 0.000000
607772.115560 2477402.995248 0.000000
607767.124827 2477403.299878 0.000000
607762.134094 2477403.604508 0.000000
607757.143361 2477403.909138 0.000000
607752.152628 2477404.213768 0.000000
607747.161894 2477404.518398 0.000000
607742.171161 2477404.823028 0.000000
607737.180428 2477405.127658 0.000000
607732.189695 2477405.432288 0.000000
607727.198962 2477405.736918 0.000000
607722.208228 2477406.041548 0.000000
607717.217495 2477406.346177 0.000000
607712.226762 2477406.650807 0.000000
607707.236029 2477406.955437 0.000000
607702.245295 2477407.260067 0.000000
607697.254562 2477407.564697 0.000000
607692.263829 2477407.869327 0.000000
607687.273096 2477408.173957 0.000000
607682.282363 2477408.478587 0.000000
607677.291629 2477408.783217 0.000000
607672.300896 2477409.087847 0.000000
607667.310163 2477409.392477 0.000000
607662.319430 2477409.697106 0.000000
607657.328697 2477410.001736 0.000000
607652.337963 2477410.306366 0.000000
607647.347230 2477410.610996 0.000000
607642.356497 2477410.915626 0.000000
607637.365764 2477411.220256 0.000000
607632.375031 2477411.524886 0.000000
607627.384297 2477411.829516 0.000000
607622.393564 2477412.134146 0.000000
607617.402831 2477412.438776 0.000000
607612.412098 2477412.743405 0.000000
607607.421365 2477413.048035 0.000000
607602.430631 2477413.352665 0.000000
607597.439898 2477413.657295 0.000000
607592.449165 2477413.961925 0.000000
607587.458432 2477414.266555 0.000000
607582.467698 2477414.571185 0.000000
607577.476965 2477414.875815 0.000000
607572.486232 2477415.180445 0.000000
607567.495499 2477415.485075 0.000000
607562.504766 2477415.789705 0.000000
607557.514032 2477416.094334 0.000000
607552.523299 2477416.398964 0.000000
607547.532566 2477416.703594 0.000000
607542.541833 2477417.008224 0.000000
607537.551100 2477417.312854 0.000000
607532.560366 2477417.617484 0.000000
607527.569633 2477417.922114 0.000000
607522.578900 2477418.226744 0.000000
607517.588167 2477418.531374 0.000000
607512.597434 2477418.836004 0.000000
607507.606700 2477419.140634 0.000000
607502.615967 2477419.445263 0.000000
607497.625234 2477419.749893 0.000000
607492.634501 2477420.054523 0.000000
607487.643767 2477420.359153 0.000000
607482.653034 2477420.663783 0.000000
607477.662301 2477420.968413 0.000000
607472.671568 2477421.273043 0.000000
607467.680835 2477421.577673 0.000000
607462.690101 2477421.882303 0.000000
607457.699368 2477422.186933 0.000000
607452.708635 2477422.491562 0.000000
607447.717902 2477422.796192 0.000000
607442.727169 2477423.100822 0.000000
607437.736435 2477423.405452 0.000000
607432.745702 2477423.710082 0.000000
607427.754969 2477424.014712 0.000000
607422.764236 2477424.319342 0.000000
607417.773503 2477424.623972 0.000000
607412.782769 2477424.928602 0.000000
607407.792036 2477425.233232 0.000000
607402.801303 2477425.537862 0.000000
607397.810570 2477425.842491 0.000000
607392.819837 2477426.147121 0.000000
607387.829103 2477426.451751 0.000000
607382.838370 2477426.756381 0.000000
607377.847637 2477427.061011 0.000000
607372.856904 2477427.365641 0.000000
607367.866170 2477427.670271 0.000000
607362.875437 2477427.974901 0.000000
607357.884704 2477428.279531 0.000000
607352.893971 2477428.584161 0.000000
607347.903238 2477428.888791 0.000000
607342.912504 2477429.193420 0.000000
607337.921771 2477429.498050 0.000000
607332.931038 2477429.802680 0.000000
607327.940305 2477430.107310 0.000000
607322.949572 2477430.411940 0.000000
607317.958838 2477430.716570 0.000000
607312.968105 2477431.021200 0.000000
607307.977372 2477431.325830 0.000000
607302.986639 2477431.630460 0.000000
607297.995906 2477431.935090 0.000000
607293.005172 2477432.239720 0.000000
607288.014439 2477432.544349 0.000000
607283.023706 2477432.848979 0.000000
607278.032973 2477433.153609 0.000000
607273.042239 2477433.458239 0.000000
607268.051506 2477433.762869 0.000000
607263.060773 2477434.067499 0.000000
607258.070040 2477434.372129 0.000000
607253.079307 2477434.676759 0.000000
607248.088573 2477434.981389 0.000000
607243.097840 2477435.286019 0.000000
607238.107107 2477435.590648 0.000000
607233.116374 2477435.895278 0.000000
607228.125641 2477436.199908 0.000000
607223.134907 2477436.504538 0.000000
607218.144174 2477436.809168 0.000000
607213.153441 2477437.113798 0.000000
607208.162708 2477437.418428 0.000000
607203.171975 2477437.723058 0.000000
607198.181241 2477438.027688 0.000000
607193.190508 2477438.332318 0.000000
607188.199775 2477438.636948 0.000000
607183.209042 2477438.941577 0.000000
607178.218309 2477439.246207 0.000000
607173.227575 2477439.550837 0.000000
607168.236842 2477439.855467 0.000000
607163.246109 2477440.160097 0.000000
607158.255376 2477440.464727 0.000000
607153.264642 2477440.769357 0.000000
607148.273909 2477441.073987 0.000000
607143.283176 2477441.378617 0.000000
607138.292443 2477441.683247 0.000000
607133.301710 2477441.987877 0.000000
607128.310976 2477442.292506 0.000000
607123.320243 2477442.597136 0.000000
607118.329510 2477442.901766 0.000000
607113.338777 2477443.206396 0.000000
607108.348044 2477443.511026 0.000000
607103.357310 2477443.815656 0.000000
607098.366577 2477444.120286 0.000000
607093.375844 2477444.424916 0.000000
607088.385111 2477444.729546 0.000000
607083.394378 2477445.034176 0.000000
607078.403644 2477445.338805 0.000000
607073.412911 2477445.643435 0.000000
607068.422178 2477445.948065 0.000000
607063.431445 2477446.252695 0.000000
607058.440711 2477446.557325 0.000000
607053.449978 2477446.861955 0.000000
607048.459245 2477447.166585 0.000000
607043.468512 2477447.471215 0.000000
607038.477779 2477447.775845 0.000000
607033.487045 2477448.080475 0.000000
607028.496312 2477448.385105 0.000000
607023.505579 2477448.689734 0.000000
607018.514846 2477448.994364 0.000000
607013.524113 2477449.298994 0.000000
607008.533379 2477449.603624 0.000000
607003.542646 2477449.908254 0.000000
606998.551913 2477450.212884 0.000000
606993.561180 2477450.517514 0.000000
606988.570447 2477450.822144 0.000000
606983.579713 2477451.126774 0.000000
606978.588980 2477451.431404 0.000000
606973.598247 2477451.736034 0.000000
606968.607514 2477452.040663 0.000000
606963.616780 2477452.345293 0.000000
606958.626047 2477452.649923 0.000000
606953.635314 2477452.954553 0.000000
606948.644581 2477453.259183 0.000000
606943.653848 2477453.563813 0.000000
606938.663114 2477453.868443 0.000000
606933.672381 2477454.173073 0.000000
606928.681648 2477454.477703 0.000000
606923.690915 2477454.782333 0.000000
606918.700182 2477455.086963 0.000000
606913.709448 2477455.391592 0.000000
606908.718715 2477455.696222 0.000000
606903.727982 2477456.000852 0.000000
606898.737249 2477456.305482 0.000000
606893.746516 2477456.610112 0.000000
606888.755782 2477456.914742 0.000000
606883.765049 2477457.219372 0.000000
606878.774316 2477457.524002 0.000000
606873.783583 2477457.828632 0.000000
606868.792850 2477458.133262 0.000000
606863.802116 2477458.437891 0.000000
606858.811383 2477458.742521 0.000000
606853.820650 2477459.047151 0.000000
606848.829917 2477459.351781 0.000000
606843.839183 2477459.656411 0.000000
606838.848450 2477459.961041 0.000000
606833.857717 2477460.265671 0.000000
606828.866984 2477460.570301 0.000000
606823.876251 2477460.874931 0.000000
606818.885517 2477461.179561 0.000000
606813.894784 2477461.484191 0.000000
606808.904051 2477461.788820 0.000000
606803.913318 2477462.093450 0.000000
606798.922585 2477462.398080 0.000000
606793.931851 2477462.702710 0.000000
606788.941118 2477463.007340 0.000000
606783.950385 2477463.311970 0.000000
606778.959652 2477463.616600 0.000000
606773.968919 2477463.921230 0.000000
606768.978185 2477464.225860 0.000000
606763.987452 2477464.530490 0.000000
606758.996719 2477464.835120 0.000000
606754.005986 2477465.139749 0.000000
606749.015252 2477465.444379 0.000000
606744.024519 2477465.749009 0.000000
606739.033786 2477466.053639 0.000000
606734.043053 2477466.358269 0.000000
606729.052320 2477466.662899 0.000000
606724.061586 2477466.967529 0.000000
606719.070853 2477467.272159 0.000000
606714.080120 2477467.576789 0.000000
606709.089387 2477467.881419 0.000000
606704.098654 2477468.186049 0.000000
606699.107920 2477468.490678 0.000000
606694.117187 2477468.795308 0.000000
606689.126454 2477469.099938 0.000000
606684.135721 2477469.404568 0.000000
606679.144988 2477469.709198 0.000000
606674.154254 2477470.013828 0.000000
606669.163521 2477470.318458 0.000000
606664.172788 2477470.623088 0.000000
606659.182055 2477470.927718 0.000000
606654.191322 2477471.232348 0.000000
606649.200588 2477471.536977 0.000000
606644.209855 2477471.841607 0.000000
606639.219122 2477472.146237 0.000000
606634.228389 2477472.450867 0.000000
606629.237655 2477472.755497 0.000000
606624.246922 2477473.060127 0.000000
606619.256189 2477473.364757 0.000000
606614.265456 2477473.669387 0.000000
606609.274723 2477473.974017 0.000000
606604.283989 2477474.278647 0.000000
606599.293256 2477474.583277 0.000000
606594.302523 2477474.887906 0.000000
606589.311790 2477475.192536 0.000000
606584.321057 2477475.497166 0.000000
606579.330323 2477475.801796 0.000000
606574.339590 2477476.106426 0.000000
606569.348857 2477476.411056 0.000000
606564.358124 2477476.715686 0.000000
606559.367391 2477477.020316 0.000000
606554.376657 2477477.324946 0.000000
606549.385924 2477477.629576 0.000000
606544.395191 2477477.934206 0.000000
606539.404458 2477478.238835 0.000000
606534.413724 2477478.543465 0.000000
606529.422991 2477478.848095 0.000000
606524.432258 2477479.152725 0.000000
606519.441525 2477479.457355 0.000000
606514.450792 2477479.761985 0.000000
606509.460058 2477480.066615 0.000000
606504.469325 2477480.371245 0.000000
606499.478592 2477480.675875 0.000000
606494.487859 2477480.980505 0.000000
606489.497126 2477481.285134 0.000000
606484.506392 2477481.589764 0.000000
606479.515659 2477481.894394 0.000000
606474.524926 2477482.199024 0.000000
606469.534193 2477482.503654 0.000000
606464.543460 2477482.808284 0.000000
606459.552726 2477483.112914 0.000000
606454.561993 2477483.417544 0.000000
606449.571260 2477483.722174 0.000000
606444.580527 2477484.026804 0.000000
606439.589794 2477484.331434 0.000000
606434.599060 2477484.636063 0.000000
606429.608327 2477484.940693 0.000000
606424.617594 2477485.245323 0.000000
606419.626861 2477485.549953 0.000000
606414.636127 2477485.854583 0.000000
606409.645394 2477486.159213 0.000000
606404.654661 2477486.463843 0.000000
606399.663928 2477486.768473 0.000000
606394.673195 2477487.073103 0.000000
606389.682461 2477487.377733 0.000000
606384.691728 2477487.682363 0.000000
606379.700995 2477487.986992 0.000000
606374.710262 2477488.291622 0.000000
606369.719529 2477488.596252 0.000000
606364.728795 2477488.900882 0.000000
606359.738062 2477489.205512 0.000000
606354.747329 2477489.510142 0.000000
606349.756596 2477489.814772 0.000000
606344.765863 2477490.119402 0.000000
606339.775129 2477490.424032 0.000000
606334.784396 2477490.728662 0.000000
606329.793663 2477491.033292 0.000000
606324.802930 2477491.337921 0.000000
606319.812196 2477491.642551 0.000000
606314.821463 2477491.947181 0.000000
606309.830730 2477492.251811 0.000000
606304.839997 2477492.556441 0.000000
606299.849264 2477492.861071 0.000000
606294.858530 2477493.165701 0.000000
606289.867797 2477493.470331 0.000000
606284.877064 2477493.774961 0.000000
606279.886331 2477494.079591 0.000000
606274.895598 2477494.384220 0.000000
606269.904864 2477494.688850 0.000000
606264.914131 2477494.993480 0.000000
606259.923398 2477495.298110 0.000000
606254.932665 2477495.602740 0.000000
606249.941932 2477495.907370 0.000000
606244.951198 2477496.212000 0.000000
606239.960465 2477496.516630 0.000000
606234.969732 2477496.821260 0.000000
606229.978999 2477497.125890 0.000000
606224.988266 2477497.430520 0.000000
606219.997532 2477497.735149 0.000000
606215.006799 2477498.039779 0.000000
606210.016066 2477498.344409 0.000000
606205.025333 2477498.649039 0.000000
606200.034599 2477498.953669 0.000000
606195.043866 2477499.258299 0.000000
606190.053133 2477499.562929 0.000000
606185.062400 2477499.867559 0.000000
606180.071667 2477500.172189 0.000000
606175.080933 2477500.476819 0.000000
606170.090200 2477500.781449 0.000000
606165.099467 2477501.086078 0.000000
606160.108734 2477501.390708 0.000000
606155.118001 2477501.695338 0.000000
606150.127267 2477501.999968 0.000000
606145.136534 2477502.304598 0.000000
606140.145801 2477502.609228 0.000000
606135.155068 2477502.913858 0.000000
606130.164335 2477503.218488 0.000000
606125.173601 2477503.523118 0.000000
606120.182868 2477503.827748 0.000000
606115.192135 2477504.132377 0.000000
606110.201402 2477504.437007 0.000000
606105.210668 2477504.741637 0.000000
606100.219935 2477505.046267 0.000000
606095.229202 2477505.350897 0.000000
606090.238469 2477505.655527 0.000000
606085.247736 2477505.960157 0.000000
606080.257002 2477506.264787 0.000000
606075.266269 2477506.569417 0.000000
606070.275536 2477506.874047 0.000000
606065.284803 2477507.178677 0.000000
606060.294070 2477507.483306 0.000000
606055.303336 2477507.787936 0.000000
606050.312603 2477508.092566 0.000000
606045.321870 2477508.397196 0.000000
606040.331137 2477508.701826 0.000000
606035.340404 2477509.006456 0.000000
606030.349670 2477509.311086 0.000000
606025.358937 2477509.615716 0.000000
606020.368204 2477509.920346 0.000000
606015.377471 2477510.224976 0.000000
606010.386738 2477510.529606 0.000000
606005.396004 2477510.834235 0.000000
606000.405271 2477511.138865 0.000000
605995.414538 2477511.443495 0.000000
605990.423805 2477511.748125 0.000000
605985.433071 2477512.052755 0.000000
605980.442338 2477512.357385 0.000000
605975.451605 2477512.662015 0.000000
605970.460872 2477512.966645 0.000000
605965.470139 2477513.271275 0.000000
605960.479405 2477513.575905 0.000000
605955.488672 2477513.880535 0.000000
605950.497939 2477514.185164 0.000000
605945.507206 2477514.489794 0.000000
605940.516473 2477514.794424 0.000000
605935.525739 2477515.099054 0.000000
605930.535006 2477515.403684 0.000000
605925.544273 2477515.708314 0.000000
605920.553540 2477516.012944 0.000000
605915.562807 2477516.317574 0.000000
605910.572073 2477516.622204 0.000000
605905.581340 2477516.926834 0.000000
605900.590607 2477517.231463 0.000000
605895.599874 2477517.536093 0.000000
605890.609140 2477517.840723 0.000000
605885.618407 2477518.145353 0.000000
605880.627674 2477518.449983 0.000000
605875.636941 2477518.754613 0.000000
605870.646208 2477519.059243 0.000000
605865.655474 2477519.363873 0.000000
605860.664741 2477519.668503 0.000000
605855.674008 2477519.973133 0.000000
605850.683275 2477520.277763 0.000000
605845.692542 2477520.582392 0.000000
605840.701808 2477520.887022 0.000000
605835.711075 2477521.191652 0.000000
605830.720342 2477521.496282 0.000000
605825.729609 2477521.800912 0.000000
605820.738876 2477522.105542 0.000000
605815.748142 2477522.410172 0.000000
605810.757409 2477522.714802 0.000000
605805.766676 2477523.019432 0.000000
605800.775943 2477523.324062 0.000000
605795.785210 2477523.628692 0.000000
605790.794476 2477523.933321 0.000000
605785.803743 2477524.237951 0.000000
605780.813010 2477524.542581 0.000000
605775.822277 2477524.847211 0.000000
605770.831543 2477525.151841 0.000000
605765.840810 2477525.456471 0.000000
605760.850077 2477525.761101 0.000000
605755.859344 2477526.065731 0.000000
605750.868611 2477526.370361 0.000000
605745.877877 2477526.674991 0.000000
605740.887144 2477526.979620 0.000000
605735.896411 2477527.284250 0.000000
605730.905678 2477527.588880 0.000000
605725.914945 2477527.893510 0.000000
605720.924211 2477528.198140 0.000000
605715.933478 2477528.502770 0.000000
605710.942745 2477528.807400 0.000000
605705.952012 2477529.112030 0.000000
605700.961279 2477529.416660 0.000000
605695.970545 2477529.721290 0.000000
605690.979812 2477530.025920 0.000000
605685.989079 2477530.330549 0.000000
605680.998346 2477530.635179 0.000000
605676.007612 2477530.939809 0.000000
605671.016879 2477531.244439 0.000000
605666.026146 2477531.549069 0.000000
605661.035413 2477531.853699 0.000000
605656.044680 2477532.158329 0.000000
605651.053946 2477532.462959 0.000000
605646.063213 2477532.767589 0.000000
605641.072480 2477533.072219 0.000000
605636.081747 2477533.376849 0.000000
605631.091014 2477533.681478 0.000000
605626.100280 2477533.986108 0.000000
605621.109547 2477534.290738 0.000000
605616.118814 2477534.595368 0.000000
605611.128081 2477534.899998 0.000000
605606.137348 2477535.204628 0.000000
605601.146614 2477535.509258 0.000000
605596.155881 2477535.813888 0.000000
605591.165148 2477536.118518 0.000000
605586.174415 2477536.423148 0.000000
605581.183681 2477536.727778 0.000000
605576.192948 2477537.032407 0.000000
605571.202215 2477537.337037 0.000000
605566.211482 2477537.641667 0.000000
605561.220749 2477537.946297 0.000000
605556.230015 2477538.250927 0.000000
605551.239282 2477538.555557 0.000000
605546.248549 2477538.860187 0.000000
605541.257816 2477539.164817 0.000000
605536.267083 2477539.469447 0.000000
605531.276349 2477539.774077 0.000000
605526.285616 2477540.078706 0.000000
605521.294883 2477540.383336 0.000000
605516.304150 2477540.687966 0.000000
605511.313417 2477540.992596 0.000000
605506.322683 2477541.297226 0.000000
605501.331950 2477541.601856 0.000000
605496.341217 2477541.906486 0.000000
605491.350484 2477542.211116 0.000000
605486.359751 2477542.515746 0.000000
605481.369017 2477542.820376 0.000000
605476.378284 2477543.125006 0.000000
605471.387551 2477543.429635 0.000000
605466.396818 2477543.734265 0.000000
605461.406084 2477544.038895 0.000000
605456.415351 2477544.343525 0.000000
605451.424618 2477544.648155 0.000000
605446.433885 2477544.952785 0.000000
605441.443152 2477545.257415 0.000000
605436.452418 2477545.562045 0.000000
605431.461685 2477545.866675 0.000000
605426.470952 2477546.171305 0.000000
605421.480219 2477546.475935 0.000000
605416.489486 2477546.780564 0.000000
605411.498752 2477547.085194 0.000000
605406.508019 2477547.389824 0.000000
605401.517286 2477547.694454 0.000000
605396.526553 2477547.999084 0.000000
605391.535820 2477548.303714 0.000000
605386.545086 2477548.608344 0.000000
605381.554353 2477548.912974 0.000000
605376.563620 2477549.217604 0.000000
605371.572887 2477549.522234 0.000000
605366.582153 2477549.826863 0.000000
605361.591420 2477550.131493 0.000000
605356.600687 2477550.436123 0.000000
605351.609954 2477550.740753 0.000000
605346.619221 2477551.045383 0.000000
605341.628487 2477551.350013 0.000000
605336.637754 2477551.654643 0.000000
605331.647021 2477551.959273 0.000000
605326.656288 2477552.263903 0.000000
605321.665555 2477552.568533 0.000000
605316.674821 2477552.873163 0.000000
605311.684088 2477553.177792 0.000000
605306.693355 2477553.482422 0.000000
605301.702622 2477553.787052 0.000000
605296.711889 2477554.091682 0.000000
605291.721155 2477554.396312 0.000000
605286.730422 2477554.700942 0.000000
605281.739689 2477555.005572 0.000000
605276.748956 2477555.310202 0.000000
605271.758223 2477555.614832 0.000000
605266.767489 2477555.919462 0.000000
605261.776756 2477556.224092 0.000000
605256.786023 2477556.528721 0.000000
605251.795290 2477556.833351 0.000000
605246.804556 2477557.137981 0.000000
605241.813823 2477557.442611 0.000000
605236.823090 2477557.747241 0.000000
605231.832357 2477558.051871 0.000000
605226.841624 2477558.356501 0.000000
605221.850890 2477558.661131 0.000000
605216.860157 2477558.965761 0.000000
605211.869424 2477559.270391 0.000000
605206.878691 2477559.575021 0.000000
605201.887958 2477559.879650 0.000000
605196.897224 2477560.184280 0.000000
605191.906491 2477560.488910 0.000000
605186.915758 2477560.793540 0.000000
605181.925025 2477561.098170 0.000000
605176.934292 2477561.402800 0.000000
605171.943558 2477561.707430 0.000000
605166.952825 2477562.012060 0.000000
605161.962092 2477562.316690 0.000000
605156.971359 2477562.621320 0.000000
605151.980625 2477562.925949 0.000000
605146.989892 2477563.230579 0.000000
605141.999159 2477563.535209 0.000000
605137.008426 2477563.839839 0.000000
605132.017693 2477564.144469 0.000000
605127.026959 2477564.449099 0.000000
605122.036226 2477564.753729 0.000000
605117.045493 2477565.058359 0.000000
605112.054760 2477565.362989 0.000000
605107.064027 2477565.667619 0.000000
605102.073293 2477565.972249 0.000000
605097.082560 2477566.276878 0.000000
605092.091827 2477566.581508 0.000000
605087.101094 2477566.886138 0.000000
605082.110361 2477567.190768 0.000000
605077.119627 2477567.495398 0.000000
605072.128894 2477567.800028 0.000000
605067.138161 2477568.104658 0.000000
605062.147428 2477568.409288 0.000000
605057.156695 2477568.713918 0.000000
605052.165961 2477569.018548 0.000000
605047.175228 2477569.323178 0.000000
605042.184495 2477569.627807 0.000000
605037.193762 2477569.932437 0.000000
605032.203028 2477570.237067 0.000000
605027.212295 2477570.541697 0.000000
605022.221562 2477570.846327 0.000000
605017.230829 2477571.150957 0.000000
605012.240096 2477571.455587 0.000000
605007.249362 2477571.760217 0.000000
605002.258629 2477572.064847 0.000000
604997.267896 2477572.369477 0.000000
604992.277163 2477572.674106 0.000000
604987.286430 2477572.978736 0.000000
604982.295696 2477573.283366 0.000000
604977.304963 2477573.587996 0.000000
604972.314230 2477573.892626 0.000000
604967.323497 2477574.197256 0.000000
604962.332764 2477574.501886 0.000000
604957.342030 2477574.806516 0.000000
604952.351297 2477575.111146 0.000000
604947.360564 2477575.415776 0.000000
604942.369831 2477575.720406 0.000000
604937.379097 2477576.025035 0.000000
604932.388364 2477576.329665 0.000000
604927.397631 2477576.634295 0.000000
604922.406898 2477576.938925 0.000000
604917.416165 2477577.243555 0.000000
604912.425431 2477577.548185 0.000000
604907.434698 2477577.852815 0.000000
604902.443965 2477578.157445 0.000000
604897.453232 2477578.462075 0.000000
604892.462499 2477578.766705 0.000000
604887.471765 2477579.071335 0.000000
604882.481032 2477579.375964 0.000000
604877.490299 2477579.680594 0.000000
604872.499566 2477579.985224 0.000000
604867.508833 2477580.289854 0.000000
604862.518099 2477580.594484 0.000000
604857.527366 2477580.899114 0.000000
604852.536633 2477581.203744 0.000000
604847.545900 2477581.508374 0.000000
604842.555167 2477581.813004 0.000000
604837.564433 2477582.117634 0.000000
604832.573700 2477582.422264 0.000000
604827.582967 2477582.726893 0.000000
604822.592234 2477583.031523 0.000000
604817.601500 2477583.336153 0.000000
604812.610767 2477583.640783 0.000000
604807.620034 2477583.945413 0.000000
604802.629301 2477584.250043 0.000000
604797.638568 2477584.554673 0.000000
604792.647834 2477584.859303 0.000000
604787.657101 2477585.163933 0.000000
604782.666368 2477585.468563 0.000000
604777.675635 2477585.773192 0.000000
604772.684902 2477586.077822 0.000000
604767.694168 2477586.382452 0.000000
604762.703435 2477586.687082 0.000000
604757.712702 2477586.991712 0.000000
604752.721969 2477587.296342 0.000000
604747.731236 2477587.600972 0.000000
604742.740502 2477587.905602 0.000000
604737.749769 2477588.210232 0.000000
604732.759036 2477588.514862 0.000000
604727.768303 2477588.819492 0.000000
604722.777569 2477589.124121 0.000000
604717.786836 2477589.428751 0.000000
604712.796103 2477589.733381 0.000000
604707.805370 2477590.038011 0.000000
604702.814637 2477590.342641 0.000000
604697.823903 2477590.647271 0.000000
604692.833170 2477590.951901 0.000000
604687.842437 2477591.256531 0.000000
604682.851704 2477591.561161 0.000000
604677.860971 2477591.865791 0.000000
604672.870237 2477592.170421 0.000000
604667.879504 2477592.475050 0.000000
604662.888771 2477592.779680 0.000000
604657.898038 2477593.084310 0.000000
604652.907305 2477593.388940 0.000000
604647.916571 2477593.693570 0.000000
604642.925838 2477593.998200 0.000000
604637.935105 2477594.302830 0.000000
604632.944372 2477594.607460 0.000000
604627.953639 2477594.912090 0.000000
604622.962905 2477595.216720 0.000000
604617.972172 2477595.521349 0.000000
604612.981439 2477595.825979 0.000000
604607.990706 2477596.130609 0.000000
604602.999972 2477596.435239 0.000000
604598.009239 2477596.739869 0.000000
604593.018506 2477597.044499 0.000000
604588.027773 2477597.349129 0.000000
604583.037040 2477597.653759 0.000000
604578.046306 2477597.958389 0.000000
604573.055573 2477598.263019 0.000000
604568.064840 2477598.567649 0.000000
604563.074107 2477598.872278 0.000000
604558.083374 2477599.176908 0.000000
604553.092640 2477599.481538 0.000000
604548.101907 2477599.786168 0.000000
604543.111174 2477600.090798 0.000000
604538.120441 2477600.395428 0.000000
604533.129708 2477600.700058 0.000000
604528.138974 2477601.004688 0.000000
604523.148241 2477601.309318 0.000000
604518.157508 2477601.613948 0.000000
604513.166775 2477601.918578 0.000000
604508.176041 2477602.223207 0.000000
604503.185308 2477602.527837 0.000000
604498.194575 2477602.832467 0.000000
604493.203842 2477603.137097 0.000000
604488.213109 2477603.441727 0.000000
604483.222375 2477603.746357 0.000000
604478.231642 2477604.050987 0.000000
604473.240909 2477604.355617 0.000000
604468.250176 2477604.660247 0.000000
604463.259443 2477604.964877 0.000000
604458.268709 2477605.269507 0.000000
604453.277976 2477605.574136 0.000000
604448.287243 2477605.878766 0.000000
604443.296510 2477606.183396 0.000000
604438.305777 2477606.488026 0.000000
604433.315043 2477606.792656 0.000000
604428.324310 2477607.097286 0.000000
604423.333577 2477607.401916 0.000000
604418.342844 2477607.706546 0.000000
604413.352110 2477608.011176 0.000000
604408.361377 2477608.315806 0.000000
604403.370644 2477608.620435 0.000000
604398.379911 2477608.925065 0.000000
604393.389178 2477609.229695 0.000000
604388.398444 2477609.534325 0.000000
604383.407711 2477609.838955 0.000000
604378.416978 2477610.143585 0.000000
604373.426245 2477610.448215 0.000000
604368.435512 2477610.752845 0.000000
604363.444778 2477611.057475 0.000000
604358.454045 2477611.362105 0.000000
604353.463312 2477611.666735 0.000000
604348.472579 2477611.971364 0.000000
604343.481846 2477612.275994 0.000000
604338.491112 2477612.580624 0.000000
604333.500379 2477612.885254 0.000000
604328.509646 2477613.189884 0.000000
604323.518913 2477613.494514 0.000000
604318.528180 2477613.799144 0.000000
604313.537446 2477614.103774 0.000000
604308.546713 2477614.408404 0.000000
604303.555980 2477614.713034 0.000000
604298.565247 2477615.017664 0.000000
604293.574513 2477615.322293 0.000000
604288.583780 2477615.626923 0.000000
604283.593047 2477615.931553 0.000000
604278.602314 2477616.236183 0.000000
604273.611581 2477616.540813 0.000000
604268.620847 2477616.845443 0.000000
604263.630114 2477617.150073 0.000000
604258.639381 2477617.454703 0.000000
604253.648648 2477617.759333 0.000000
604248.657915 2477618.063963 0.000000
604243.667181 2477618.368593 0.000000
604238.676448 2477618.673222 0.000000
604233.685715 2477618.977852 0.000000
604228.694982 2477619.282482 0.000000
604223.704249 2477619.587112 0.000000
604218.713515 2477619.891742 0.000000
604213.722782 2477620.196372 0.000000
604208.732049 2477620.501002 0.000000
604203.741316 2477620.805632 0.000000
604198.750582 2477621.110262 0.000000
604193.759849 2477621.414892 0.000000
604188.769116 2477621.719521 0.000000
604183.778383 2477622.024151 0.000000
604178.787650 2477622.328781 0.000000
604173.796916 2477622.633411 0.000000
604168.806183 2477622.938041 0.000000
604163.815450 2477623.242671 0.000000
604158.824717 2477623.547301 0.000000
604153.833984 2477623.851931 0.000000
604148.843250 2477624.156561 0.000000
604143.852517 2477624.461191 0.000000
604138.861784 2477624.765821 0.000000
604133.871051 2477625.070450 0.000000
604128.880318 2477625.375080 0.000000
604123.889584 2477625.679710 0.000000
604118.898851 2477625.984340 0.000000
604113.908118 2477626.288970 0.000000
604108.917385 2477626.593600 0.000000
604103.926652 2477626.898230 0.000000
604098.935918 2477627.202860 0.000000
604093.945185 2477627.507490 0.000000
604088.954452 2477627.812120 0.000000
604083.963719 2477628.116750 0.000000
604078.972985 2477628.421379 0.000000
604073.982252 2477628.726009 0.000000
604068.991519 2477629.030639 0.000000
604064.000786 2477629.335269 0.000000
604059.010053 2477629.639899 0.000000
604054.019319 2477629.944529 0.000000
604049.028586 2477630.249159 0.000000
604044.037853 2477630.553789 0.000000
604039.047120 2477630.858419 0.000000
604034.056387 2477631.163049 0.000000
604029.065653 2477631.467678 0.000000
604024.074920 2477631.772308 0.000000
604019.084187 2477632.076938 0.000000
604014.093454 2477632.381568 0.000000
604009.102721 2477632.686198 0.000000
604004.111987 2477632.990828 0.000000
603999.121254 2477633.295458 0.000000
603994.130521 2477633.600088 0.000000
603989.139788 2477633.904718 0.000000
603984.149054 2477634.209348 0.000000
603979.158321 2477634.513978 0.000000
603974.167588 2477634.818607 0.000000
603969.176855 2477635.123237 0.000000
603964.186122 2477635.427867 0.000000
603959.195388 2477635.732497 0.000000
603954.204655 2477636.037127 0.000000
603949.213922 2477636.341757 0.000000
603944.223189 2477636.646387 0.000000
603939.232456 2477636.951017 0.000000
603934.241722 2477637.255647 0.000000
603929.250989 2477637.560277 0.000000
603924.260256 2477637.864907 0.000000
603919.269523 2477638.169536 0.000000
603914.278790 2477638.474166 0.000000
603909.288056 2477638.778796 0.000000
603904.297323 2477639.083426 0.000000
603899.306590 2477639.388056 0.000000
603894.315857 2477639.692686 0.000000
603889.325124 2477639.997316 0.000000
603884.334390 2477640.301946 0.000000
603879.343657 2477640.606576 0.000000
603874.352924 2477640.911206 0.000000
603869.362191 2477641.215836 0.000000
603864.371457 2477641.520465 0.000000
603859.380724 2477641.825095 0.000000
603854.389991 2477642.129725 0.000000
603849.399258 2477642.434355 0.000000
603844.408525 2477642.738985 0.000000
603839.417791 2477643.043615 0.000000
603834.427058 2477643.348245 0.000000
603829.436325 2477643.652875 0.000000
603824.445592 2477643.957505 0.000000
603819.454859 2477644.262135 0.000000
603814.464125 2477644.566764 0.000000
603809.473392 2477644.871394 0.000000
603804.482659 2477645.176024 0.000000
603799.491926 2477645.480654 0.000000
603794.501193 2477645.785284 0.000000
603789.510459 2477646.089914 0.000000
603784.519726 2477646.394544 0.000000
603779.528993 2477646.699174 0.000000
603774.538260 2477647.003804 0.000000
603769.547526 2477647.308434 0.000000
603764.556793 2477647.613064 0.000000
603759.566060 2477647.917693 0.000000
603754.575327 2477648.222323 0.000000
603749.584594 2477648.526953 0.000000
603744.593860 2477648.831583 0.000000
603739.603127 2477649.136213 0.000000
603734.612394 2477649.440843 0.000000
603729.621661 2477649.745473 0.000000
603724.630928 2477650.050103 0.000000
603719.640194 2477650.354733 0.000000
603714.649461 2477650.659363 0.000000
603709.658728 2477650.963993 0.000000
603704.667995 2477651.268622 0.000000
603699.677262 2477651.573252 0.000000
603694.686528 2477651.877882 0.000000
603689.695795 2477652.182512 0.000000
603684.705062 2477652.487142 0.000000
603679.714329 2477652.791772 0.000000
603674.723596 2477653.096402 0.000000
603669.732862 2477653.401032 0.000000
603664.742129 2477653.705662 0.000000
603659.751396 2477654.010292 0.000000
603654.760663 2477654.314921 0.000000
603649.769929 2477654.619551 0.000000
603644.779196 2477654.924181 0.000000
603639.788463 2477655.228811 0.000000
603634.797730 2477655.533441 0.000000
603629.806997 2477655.838071 0.000000
603624.816263 2477656.142701 0.000000
603619.825530 2477656.447331 0.000000
603614.834797 2477656.751961 0.000000
603609.844064 2477657.056591 0.000000
603604.853331 2477657.361221 0.000000
603599.862597 2477657.665850 0.000000
603594.871864 2477657.970480 0.000000
603589.881131 2477658.275110 0.000000
603584.890398 2477658.579740 0.000000
603579.899665 2477658.884370 0.000000
603574.908931 2477659.189000 0.000000
603569.918198 2477659.493630 0.000000
603564.927465 2477659.798260 0.000000
603559.936732 2477660.102890 0.000000
603554.945998 2477660.407520 0.000000
603549.955265 2477660.712150 0.000000
603544.964532 2477661.016779 0.000000
603539.973799 2477661.321409 0.000000
603534.983066 2477661.626039 0.000000
603529.992332 2477661.930669 0.000000
603525.001599 2477662.235299 0.000000
603520.010866 2477662.539929 0.000000
603515.020133 2477662.844559 0.000000
603510.029400 2477663.149189 0.000000
603505.038666 2477663.453819 0.000000
603500.047933 2477663.758449 0.000000
603495.057200 2477664.063079 0.000000
603490.066467 2477664.367708 0.000000
603485.075734 2477664.672338 0.000000
603480.085000 2477664.976968 0.000000
603475.094267 2477665.281598 0.000000
603470.103534 2477665.586228 0.000000
603465.112801 2477665.890858 0.000000
603460.122068 2477666.195488 0.000000
603455.131334 2477666.500118 0.000000
603450.140601 2477666.804748 0.000000
603445.149868 2477667.109378 0.000000
603440.159135 2477667.414007 0.000000
603435.168401 2477667.718637 0.000000
603430.177668 2477668.023267 0.000000
603425.186935 2477668.327897 0.000000
603420.196202 2477668.632527 0.000000
603415.205469 2477668.937157 0.000000
603410.214735 2477669.241787 0.000000
603405.224002 2477669.546417 0.000000
603400.233269 2477669.851047 0.000000
603395.242536 2477670.155677 0.000000
603390.251803 2477670.460307 0.000000
603385.261069 2477670.764936 0.000000
603380.270336 2477671.069566 0.000000
603375.279603 2477671.374196 0.000000
603370.288870 2477671.678826 0.000000
603365.298137 2477671.983456 0.000000
603360.307403 2477672.288086 0.000000
603355.316670 2477672.592716 0.000000
603350.325937 2477672.897346 0.000000
603345.335204 2477673.201976 0.000000
603340.344470 2477673.506606 0.000000
603335.353737 2477673.811236 0.000000
603330.363004 2477674.115865 0.000000
603325.372271 2477674.420495 0.000000
603320.381538 2477674.725125 0.000000
603315.390804 2477675.029755 0.000000
603310.400071 2477675.334385 0.000000
603305.409338 2477675.639015 0.000000
603300.418605 2477675.943645 0.000000
603295.427872 2477676.248275 0.000000
603290.437138 2477676.552905 0.000000
603285.446405 2477676.857535 0.000000
603280.455672 2477677.162164 0.000000
603275.464939 2477677.466794 0.000000
603270.474206 2477677.771424 0.000000
603265.483472 2477678.076054 0.000000
603260.492739 2477678.380684 0.000000
603255.502006 2477678.685314 0.000000
603250.511273 2477678.989944 0.000000
603245.520540 2477679.294574 0.000000
603240.529806 2477679.599204 0.000000
603235.539073 2477679.903834 0.000000
603230.548340 2477680.208464 0.000000
603225.557607 2477680.513093 0.000000
603220.566873 2477680.817723 0.000000
603215.576140 2477681.122353 0.000000
603210.585407 2477681.426983 0.000000
603205.594674 2477681.731613 0.000000
603200.603941 2477682.036243 0.000000
603195.613207 2477682.340873 0.000000
603190.622474 2477682.645503 0.000000
603185.631741 2477682.950133 0.000000
603180.641008 2477683.254763 0.000000
603175.650275 2477683.559393 0.000000
603170.659541 2477683.864022 0.000000
603165.668808 2477684.168652 0.000000
603160.678075 2477684.473282 0.000000
603155.687342 2477684.777912 0.000000
603150.696609 2477685.082542 0.000000
603145.705875 2477685.387172 0.000000
603140.715142 2477685.691802 0.000000
603135.724409 2477685.996432 0.000000
603130.733676 2477686.301062 0.000000
603125.742942 2477686.605692 0.000000
603120.752209 2477686.910322 0.000000
603115.761476 2477687.214951 0.000000
603110.770743 2477687.519581 0.000000
603105.780010 2477687.824211 0.000000
603100.789276 2477688.128841 0.000000
603095.798543 2477688.433471 0.000000
603090.807810 2477688.738101 0.000000
603085.817077 2477689.042731 0.000000
603080.826344 2477689.347361 0.000000
603075.835610 2477689.651991 0.000000
603070.844877 2477689.956621 0.000000
603065.854144 2477690.261250 0.000000
603060.863411 2477690.565880 0.000000
603055.872678 2477690.870510 0.000000
603050.881944 2477691.175140 0.000000
603045.891211 2477691.479770 0.000000
603040.900478 2477691.784400 0.000000
603035.909745 2477692.089030 0.000000
603030.919011 2477692.393660 0.000000
603025.928278 2477692.698290 0.000000
603020.937545 2477693.002920 0.000000
603015.946812 2477693.307550 0.000000
603010.956079 2477693.612179 0.000000
603005.965345 2477693.916809 0.000000
603000.974612 2477694.221439 0.000000
602995.983879 2477694.526069 0.000000
602990.993146 2477694.830699 0.000000
602986.002413 2477695.135329 0.000000
602981.011679 2477695.439959 0.000000
602976.020946 2477695.744589 0.000000
