FFASCI 0 1 "LINES" 0 1e+10
FFATTR 0 1
->1
611060.008496 2475590.746559 0.000000
611055.015472 2475590.540985 0.000000
611050.022448 2475590.335411 0.000000
611045.029424 2475590.129837 0.000000
611040.036400 2475589.924263 0.000000
611035.043376 2475589.718689 0.000000
611030.050353 2475589.513116 0.000000
611025.057329 2475589.307542 0.000000
611020.064305 2475589.101968 0.000000
611015.071281 2475588.896394 0.000000
611010.078257 2475588.690820 0.000000
611005.085233 2475588.485246 0.000000
611000.092209 2475588.279673 0.000000
610995.099185 2475588.074099 0.000000
610990.106161 2475587.868525 0.000000
610985.113138 2475587.662951 0.000000
610980.120114 2475587.457377 0.000000
610975.127090 2475587.251803 0.000000
610970.134066 2475587.046230 0.000000
610965.141042 2475586.840656 0.000000
610960.148018 2475586.635082 0.000000
610955.154994 2475586.429508 0.000000
610950.161970 2475586.223934 0.000000
610945.168946 2475586.018360 0.000000
610940.175923 2475585.812787 0.000000
610935.182899 2475585.607213 0.000000
610930.189875 2475585.401639 0.000000
610925.196851 2475585.196065 0.000000
610920.203827 2475584.990491 0.000000
610915.210803 2475584.784917 0.000000
610910.217779 2475584.579344 0.000000
610905.224755 2475584.373770 0.000000
610900.231731 2475584.168196 0.000000
610895.238707 2475583.962622 0.000000
610890.245684 2475583.757048 0.000000
610885.252660 2475583.551474 0.000000
610880.259636 2475583.345901 0.000000
610875.266612 2475583.140327 0.000000
610870.273588 2475582.934753 0.000000
610865.280564 2475582.729179 0.000000
610860.287540 2475582.523605 0.000000
610855.294516 2475582.318031 0.000000
610850.301492 2475582.112458 0.000000
610845.308469 2475581.906884 0.000000
610840.315445 2475581.701310 0.000000
610835.322421 2475581.495736 0.000000
610830.329397 2475581.290162 0.000000
610825.336373 2475581.084588 0.000000
610820.343349 2475580.879015 0.000000
610815.350325 2475580.673441 0.000000
610810.357301 2475580.467867 0.000000
610805.364277 2475580.262293 0.000000
610800.371254 2475580.056719 0.000000
610795.378230 2475579.851146 0.000000
610790.385206 2475579.645572 0.000000
610785.392182 2475579.439998 0.000000
610780.399158 2475579.234424 0.000000
610775.406134 2475579.028850 0.000000
610770.413110 2475578.823276 0.000000
610765.420086 2475578.617703 0.000000
610760.427062 2475578.412129 0.000000
610755.434039 2475578.206555 0.000000
610750.441015 2475578.000981 0.000000
610745.447991 2475577.795407 0.000000
610740.454967 2475577.589833 0.000000
610735.461943 2475577.384260 0.000000
610730.468919 2475577.178686 0.000000
610725.475895 2475576.973112 0.000000
610720.482871 2475576.767538 0.000000
610715.489847 2475576.561964 0.000000
610710.496824 2475576.356390 0.000000
610705.503800 2475576.150817 0.000000
610700.510776 2475575.945243 0.000000
610695.517752 2475575.739669 0.000000
610690.524728 2475575.534095 0.000000
610685.531704 2475575.328521 0.000000
610680.538680 2475575.122947 0.000000
610675.545656 2475574.917374 0.000000
610670.552632 2475574.711800 0.000000
610665.559609 2475574.506226 0.000000
610660.566585 2475574.300652 0.000000
610655.573561 2475574.095078 0.000000
610650.580537 2475573.889504 0.000000
610645.587513 2475573.683931 0.000000
610640.594489 2475573.478357 0.000000
610635.601465 2475573.272783 0.000000
610630.608441 2475573.067209 0.000000
610625.615417 2475572.861635 0.000000
610620.622394 2475572.656061 0.000000
610615.629370 2475572.450488 0.000000
610610.636346 2475572.244914 0.000000
610605.643322 2475572.039340 0.000000
610600.650298 2475571.833766 0.000000
610595.657274 2475571.628192 0.000000
610590.664250 2475571.422618 0.000000
610585.671226 2475571.217045 0.000000
610580.678202 2475571.011471 0.000000
610575.685179 2475570.805897 0.000000
610570.692155 2475570.600323 0.000000
610565.699131 2475570.394749 0.000000
610560.706107 2475570.189175 0.000000
610555.713083 2475569.983602 0.000000
610550.720059 2475569.778028 0.000000
610545.727035 2475569.572454 0.000000
610540.734011 2475569.366880 0.000000
610535.740987 2475569.161306 0.000000
610530.747964 2475568.955732 0.000000
610525.754940 2475568.750159 0.000000
610520.761916 2475568.544585 0.000000
610515.768892 2475568.339011 0.000000
610510.775868 2475568.133437 0.000000
610505.782844 2475567.927863 0.000000
610500.789820 2475567.722289 0.000000
610495.796796 2475567.516716 0.000000
610490.803772 2475567.311142 0.000000
610485.810749 2475567.105568 0.000000
610480.817725 2475566.899994 0.000000
610475.824701 2475566.694420 0.000000
610470.831677 2475566.488846 0.000000
610465.838653 2475566.283273 0.000000
610460.845629 2475566.077699 0.000000
610455.852605 2475565.872125 0.000000
610450.859581 2475565.666551 0.000000
610445.866557 2475565.460977 0.000000
610440.873533 2475565.255403 0.000000
610435.880510 2475565.049830 0.000000
610430.887486 2475564.844256 0.000000
610425.894462 2475564.638682 0.000000
610420.901438 2475564.433108 0.000000
610415.908414 2475564.227534 0.000000
610410.915390 2475564.021961 0.000000
610405.922366 2475563.816387 0.000000
610400.929342 2475563.610813 0.000000
610395.936318 2475563.405239 0.000000
610390.943295 2475563.199665 0.000000
610385.950271 2475562.994091 0.000000
610380.957247 2475562.788518 0.000000
610375.964223 2475562.582944 0.000000
610370.971199 2475562.377370 0.000000
610365.978175 2475562.171796 0.000000
610360.985151 2475561.966222 0.000000
610355.992127 2475561.760648 0.000000
610350.999103 2475561.555075 0.000000
610346.006080 2475561.349501 0.000000
610341.013056 2475561.143927 0.000000
610336.020032 2475560.938353 0.000000
610331.027008 2475560.732779 0.000000
610326.033984 2475560.527205 0.000000
610321.040960 2475560.321632 0.000000
610316.047936 2475560.116058 0.000000
610311.054912 2475559.910484 0.000000
610306.061888 2475559.704910 0.000000
610301.068865 2475559.499336 0.000000
610296.075841 2475559.293762 0.000000
610291.082817 2475559.088189 0.000000
610286.089793 2475558.882615 0.000000
610281.096769 2475558.677041 0.000000
610276.103745 2475558.471467 0.000000
610271.110721 2475558.265893 0.000000
610266.117697 2475558.060319 0.000000
610261.124673 2475557.854746 0.000000
610256.131650 2475557.649172 0.000000
610251.138626 2475557.443598 0.000000
610246.145602 2475557.238024 0.000000
610241.152578 2475557.032450 0.000000
610236.159554 2475556.826876 0.000000
610231.166530 2475556.621303 0.000000
610226.173506 2475556.415729 0.000000
610221.180482 2475556.210155 0.000000
610216.187458 2475556.004581 0.000000
610211.194435 2475555.799007 0.000000
610206.201411 2475555.593433 0.000000
610201.208387 2475555.387860 0.000000
610196.215363 2475555.182286 0.000000
610191.222339 2475554.976712 0.000000
610186.229315 2475554.771138 0.000000
610181.236291 2475554.565564 0.000000
610176.243267 2475554.359990 0.000000
610171.250243 2475554.154417 0.000000
610166.257220 2475553.948843 0.000000
610161.264196 2475553.743269 0.000000
610156.271172 2475553.537695 0.000000
610151.278148 2475553.332121 0.000000
610146.285124 2475553.126547 0.000000
610141.292100 2475552.920974 0.000000
610136.299076 2475552.715400 0.000000
610131.306052 2475552.509826 0.000000
610126.313028 2475552.304252 0.000000
610121.320005 2475552.098678 0.000000
610116.326981 2475551.893104 0.000000
610111.333957 2475551.687531 0.000000
610106.340933 2475551.481957 0.000000
610101.347909 2475551.276383 0.000000
610096.354885 2475551.070809 0.000000
610091.361861 2475550.865235 0.000000
610086.368837 2475550.659661 0.000000
610081.375813 2475550.454088 0.000000
610076.382790 2475550.248514 0.000000
610071.389766 2475550.042940 0.000000
610066.396742 2475549.837366 0.000000
610061.403718 2475549.631792 0.000000
610056.410694 2475549.426218 0.000000
610051.417670 2475549.220645 0.000000
610046.424646 2475549.015071 0.000000
610041.431622 2475548.809497 0.000000
610036.438598 2475548.603923 0.000000
610031.445574 2475548.398349 0.000000
610026.452551 2475548.192776 0.000000
610021.459527 2475547.987202 0.000000
610016.466503 2475547.781628 0.000000
610011.473479 2475547.576054 0.000000
610006.480455 2475547.370480 0.000000
610001.487431 2475547.164906 0.000000
609996.494407 2475546.959333 0.000000
609991.501383 2475546.753759 0.000000
609986.508359 2475546.548185 0.000000
609981.515336 2475546.342611 0.000000
609976.522312 2475546.137037 0.000000
609971.529288 2475545.931463 0.000000
609966.536264 2475545.725890 0.000000
609961.543240 2475545.520316 0.000000
609956.550216 2475545.314742 0.000000
609951.557192 2475545.109168 0.000000
609946.564168 2475544.903594 0.000000
609941.571144 2475544.698020 0.000000
609936.578121 2475544.492447 0.000000
609931.585097 2475544.286873 0.000000
609926.592073 2475544.081299 0.000000
609921.599049 2475543.875725 0.000000
609916.606025 2475543.670151 0.000000
609911.613001 2475543.464577 0.000000
609906.619977 2475543.259004 0.000000
609901.626953 2475543.053430 0.000000
609896.633929 2475542.847856 0.000000
609891.640906 2475542.642282 0.000000
609886.647882 2475542.436708 0.000000
609881.654858 2475542.231134 0.000000
609876.661834 2475542.025561 0.000000
609871.668810 2475541.819987 0.000000
609866.675786 2475541.614413 0.000000
609861.682762 2475541.408839 0.000000
609856.689738 2475541.203265 0.000000
609851.696714 2475540.997691 0.000000
609846.703691 2475540.792118 0.000000
609841.710667 2475540.586544 0.000000
609836.717643 2475540.380970 0.000000
609831.724619 2475540.175396 0.000000
609826.731595 2475539.969822 0.000000
609821.738571 2475539.764248 0.000000
609816.745547 2475539.558675 0.000000
609811.752523 2475539.353101 0.000000
609806.759499 2475539.147527 0.000000
609801.766476 2475538.941953 0.000000
609796.773452 2475538.736379 0.000000
609791.780428 2475538.530805 0.000000
609786.787404 2475538.325232 0.000000
609781.794380 2475538.119658 0.000000
609776.801356 2475537.914084 0.000000
609771.808332 2475537.708510 0.000000
609766.815308 2475537.502936 0.000000
609761.822284 2475537.297362 0.000000
609756.829261 2475537.091789 0.000000
609751.836237 2475536.886215 0.000000
609746.843213 2475536.680641 0.000000
609741.850189 2475536.475067 0.000000
609736.857165 2475536.269493 0.000000
609731.864141 2475536.063919 0.000000
609726.871117 2475535.858346 0.000000
609721.878093 2475535.652772 0.000000
609716.885069 2475535.447198 0.000000
609711.892046 2475535.241624 0.000000
609706.899022 2475535.036050 0.000000
609701.905998 2475534.830476 0.000000
609696.912974 2475534.624903 0.000000
609691.919950 2475534.419329 0.000000
609686.926926 2475534.213755 0.000000
609681.933902 2475534.008181 0.000000
609676.940878 2475533.802607 0.000000
609671.947854 2475533.597033 0.000000
609666.954831 2475533.391460 0.000000
609661.961807 2475533.185886 0.000000
609656.968783 2475532.980312 0.000000
609651.975759 2475532.774738 0.000000
609646.982735 2475532.569164 0.000000
609641.989711 2475532.363591 0.000000
609636.996687 2475532.158017 0.000000
609632.003663 2475531.952443 0.000000
609627.010639 2475531.746869 0.000000
609622.036288 2475531.336614 0.000000
609617.061936 2475530.926359 0.000000
609612.087585 2475530.516104 0.000000
609607.113233 2475530.105849 0.000000
609602.138882 2475529.695594 0.000000
609597.164530 2475529.285339 0.000000
609592.190178 2475528.875084 0.000000
609587.215827 2475528.464829 0.000000
609582.241475 2475528.054574 0.000000
609577.267124 2475527.644319 0.000000
609572.292772 2475527.234064 0.000000
609567.318421 2475526.823809 0.000000
609562.344069 2475526.413554 0.000000
609557.369718 2475526.003299 0.000000
609552.395366 2475525.593044 0.000000
609547.421014 2475525.182789 0.000000
609542.446663 2475524.772534 0.000000
609537.472311 2475524.362279 0.000000
609532.497960 2475523.952023 0.000000
609527.523608 2475523.541768 0.000000
609522.549257 2475523.131513 0.000000
609517.574905 2475522.721258 0.000000
609512.600553 2475522.311003 0.000000
609507.626202 2475521.900748 0.000000
609502.651850 2475521.490493 0.000000
609497.677499 2475521.080238 0.000000
609492.703147 2475520.669983 0.000000
609487.728796 2475520.259728 0.000000
609482.754444 2475519.849473 0.000000
609477.780092 2475519.439218 0.000000
609472.805741 2475519.028963 0.000000
609467.831389 2475518.618708 0.000000
609462.857038 2475518.208453 0.000000
609457.882686 2475517.798198 0.000000
609452.908335 2475517.387943 0.000000
609447.933983 2475516.977688 0.000000
609442.959632 2475516.567433 0.000000
609437.985280 2475516.157178 0.000000
609433.010928 2475515.746923 0.000000
609428.066491 2475514.941369 0.000000
609423.122054 2475514.135816 0.000000
609418.177617 2475513.330262 0.000000
609413.233180 2475512.524709 0.000000
609408.288743 2475511.719155 0.000000
609403.344306 2475510.913601 0.000000
609398.399868 2475510.108048 0.000000
609393.455431 2475509.302494 0.000000
609388.510994 2475508.496941 0.000000
609383.566557 2475507.691387 0.000000
609378.622120 2475506.885834 0.000000
609373.677683 2475506.080280 0.000000
609368.733246 2475505.274726 0.000000
609363.788808 2475504.469173 0.000000
609358.844371 2475503.663619 0.000000
609353.899934 2475502.858066 0.000000
609348.955497 2475502.052512 0.000000
609344.011060 2475501.246958 0.000000
609339.066623 2475500.441405 0.000000
609334.122186 2475499.635851 0.000000
609329.177748 2475498.830298 0.000000
609324.233311 2475498.024744 0.000000
609319.288874 2475497.219191 0.000000
609314.344437 2475496.413637 0.000000
609309.400000 2475495.608083 0.000000
609304.455563 2475494.802530 0.000000
609299.511126 2475493.996976 0.000000
609294.566689 2475493.191423 0.000000
609289.622251 2475492.385869 0.000000
609284.677814 2475491.580316 0.000000
609279.733377 2475490.774762 0.000000
609274.788940 2475489.969208 0.000000
609269.844503 2475489.163655 0.000000
609264.900066 2475488.358101 0.000000
609259.955629 2475487.552548 0.000000
609255.011191 2475486.746994 0.000000
609250.132411 2475485.716693 0.000000
609245.253630 2475484.686393 0.000000
609240.374849 2475483.656092 0.000000
609235.496069 2475482.625791 0.000000
609230.617288 2475481.595490 0.000000
609225.738507 2475480.565190 0.000000
609220.859726 2475479.534889 0.000000
609215.980946 2475478.504588 0.000000
609211.102165 2475477.474287 0.000000
609206.223384 2475476.443987 0.000000
609201.344604 2475475.413686 0.000000
609196.465823 2475474.383385 0.000000
609191.587042 2475473.353085 0.000000
609186.708262 2475472.322784 0.000000
609181.829481 2475471.292483 0.000000
609176.950700 2475470.262182 0.000000
609172.071919 2475469.231882 0.000000
609167.193139 2475468.201581 0.000000
609162.314358 2475467.171280 0.000000
609157.435577 2475466.140979 0.000000
609152.556797 2475465.110679 0.000000
609147.678016 2475464.080378 0.000000
609142.799235 2475463.050077 0.000000
609137.920454 2475462.019777 0.000000
609133.041674 2475460.989476 0.000000
609128.162893 2475459.959175 0.000000
609123.284112 2475458.928874 0.000000
609118.405332 2475457.898574 0.000000
609113.526551 2475456.868273 0.000000
609108.647770 2475455.837972 0.000000
609103.768990 2475454.807671 0.000000
609098.890209 2475453.777371 0.000000
609094.011428 2475452.747070 0.000000
609089.132647 2475451.716769 0.000000
609084.253867 2475450.686469 0.000000
609079.375086 2475449.656168 0.000000
609074.496305 2475448.625867 0.000000
609069.617525 2475447.595566 0.000000
609064.738744 2475446.565266 0.000000
609059.859963 2475445.534965 0.000000
609054.981182 2475444.504664 0.000000
609050.102402 2475443.474363 0.000000
609045.223621 2475442.444063 0.000000
609040.344840 2475441.413762 0.000000
609035.466060 2475440.383461 0.000000
609030.587279 2475439.353161 0.000000
609025.708498 2475438.322860 0.000000
609020.829718 2475437.292559 0.000000
609015.950937 2475436.262258 0.000000
609011.072156 2475435.231958 0.000000
609006.193375 2475434.201657 0.000000
609001.314595 2475433.171356 0.000000
608996.435814 2475432.141055 0.000000
608991.557033 2475431.110755 0.000000
608986.678253 2475430.080454 0.000000
608981.799472 2475429.050153 0.000000
608976.920691 2475428.019853 0.000000
608972.041910 2475426.989552 0.000000
608967.163130 2475425.959251 0.000000
608962.284349 2475424.928950 0.000000
608957.405568 2475423.898650 0.000000
608952.526788 2475422.868349 0.000000
608947.648007 2475421.838048 0.000000
608942.769226 2475420.807747 0.000000
608937.890446 2475419.777447 0.000000
608933.011665 2475418.747146 0.000000
608928.163571 2475417.531959 0.000000
608923.315476 2475416.316771 0.000000
608918.467382 2475415.101584 0.000000
608913.619288 2475413.886397 0.000000
608908.771194 2475412.671209 0.000000
608903.923100 2475411.456022 0.000000
608899.075006 2475410.240835 0.000000
608894.226911 2475409.025648 0.000000
608889.378817 2475407.810460 0.000000
608884.530723 2475406.595273 0.000000
608879.682629 2475405.380086 0.000000
608874.834535 2475404.164898 0.000000
608869.986441 2475402.949711 0.000000
608865.138346 2475401.734524 0.000000
608860.290252 2475400.519337 0.000000
608855.442158 2475399.304149 0.000000
608850.594064 2475398.088962 0.000000
608845.745970 2475396.873775 0.000000
608840.897876 2475395.658587 0.000000
608836.049781 2475394.443400 0.000000
608831.201687 2475393.228213 0.000000
608826.353593 2475392.013025 0.000000
608821.505499 2475390.797838 0.000000
608816.657405 2475389.582651 0.000000
608811.809311 2475388.367464 0.000000
608806.961216 2475387.152276 0.000000
608802.113122 2475385.937089 0.000000
608797.265028 2475384.721902 0.000000
608792.416934 2475383.506714 0.000000
608787.568840 2475382.291527 0.000000
608782.720746 2475381.076340 0.000000
608777.872651 2475379.861152 0.000000
608773.024557 2475378.645965 0.000000
608768.176463 2475377.430778 0.000000
608763.328369 2475376.215591 0.000000
608758.480275 2475375.000403 0.000000
608753.632181 2475373.785216 0.000000
608748.784087 2475372.570029 0.000000
608743.935992 2475371.354841 0.000000
608739.087898 2475370.139654 0.000000
608734.239804 2475368.924467 0.000000
608729.391710 2475367.709279 0.000000
608724.543616 2475366.494092 0.000000
608719.695522 2475365.278905 0.000000
608714.847427 2475364.063718 0.000000
608709.999333 2475362.848530 0.000000
608705.151239 2475361.633343 0.000000
608700.303145 2475360.418156 0.000000
608695.455051 2475359.202968 0.000000
608690.606957 2475357.987781 0.000000
608685.758862 2475356.772594 0.000000
608680.910768 2475355.557406 0.000000
608676.062674 2475354.342219 0.000000
608671.214580 2475353.127032 0.000000
608666.366486 2475351.911845 0.000000
608661.518392 2475350.696657 0.000000
608656.670297 2475349.481470 0.000000
608651.822203 2475348.266283 0.000000
608646.974109 2475347.051095 0.000000
608642.126015 2475345.835908 0.000000
608637.277921 2475344.620721 0.000000
608632.429827 2475343.405534 0.000000
608627.581732 2475342.190346 0.000000
608622.733638 2475340.975159 0.000000
608617.885544 2475339.759972 0.000000
608613.037450 2475338.544784 0.000000
608608.189356 2475337.329597 0.000000
608603.341262 2475336.114410 0.000000
608598.493167 2475334.899222 0.000000
608593.645073 2475333.684035 0.000000
608588.796979 2475332.468848 0.000000
608583.948885 2475331.253661 0.000000
608579.100791 2475330.038473 0.000000
608574.252697 2475328.823286 0.000000
608569.404602 2475327.608099 0.000000
608564.556508 2475326.392911 0.000000
608559.708414 2475325.177724 0.000000
608554.860320 2475323.962537 0.000000
608550.012226 2475322.747349 0.000000
608545.129880 2475321.776763 0.000000
608540.247534 2475320.806177 0.000000
608535.365188 2475319.835591 0.000000
608530.482843 2475318.865005 0.000000
608525.600497 2475317.894419 0.000000
608520.718151 2475316.923833 0.000000
608515.835805 2475315.953247 0.000000
608510.953460 2475314.982661 0.000000
608506.071114 2475314.012075 0.000000
608501.188768 2475313.041489 0.000000
608496.306422 2475312.070903 0.000000
608491.424077 2475311.100317 0.000000
608486.541731 2475310.129731 0.000000
608481.659385 2475309.159145 0.000000
608476.777039 2475308.188559 0.000000
608471.894694 2475307.217973 0.000000
608467.012348 2475306.247387 0.000000
608462.130002 2475305.276801 0.000000
608457.247656 2475304.306215 0.000000
608452.365311 2475303.335629 0.000000
608447.482965 2475302.365043 0.000000
608442.600619 2475301.394457 0.000000
608437.718273 2475300.423871 0.000000
608432.835928 2475299.453285 0.000000
608427.953582 2475298.482699 0.000000
608423.071236 2475297.512113 0.000000
608418.188890 2475296.541527 0.000000
608413.306545 2475295.570941 0.000000
608408.424199 2475294.600355 0.000000
608403.541853 2475293.629769 0.000000
608398.659507 2475292.659183 0.000000
608393.777162 2475291.688597 0.000000
608388.894816 2475290.718011 0.000000
608384.012470 2475289.747425 0.000000
608379.050939 2475289.170503 0.000000
608374.089408 2475288.593582 0.000000
608369.127877 2475288.016660 0.000000
608364.166346 2475287.439739 0.000000
608359.204815 2475286.862817 0.000000
608354.243284 2475286.285896 0.000000
608349.281753 2475285.708974 0.000000
608344.320221 2475285.132053 0.000000
608339.358690 2475284.555131 0.000000
608334.397159 2475283.978210 0.000000
608329.435628 2475283.401289 0.000000
608324.474097 2475282.824367 0.000000
608319.512566 2475282.247446 0.000000
608314.551035 2475281.670524 0.000000
608309.589504 2475281.093603 0.000000
608304.627973 2475280.516681 0.000000
608299.666442 2475279.939760 0.000000
608294.704910 2475279.362838 0.000000
608289.743379 2475278.785917 0.000000
608284.781848 2475278.208995 0.000000
608279.820317 2475277.632074 0.000000
608274.858786 2475277.055153 0.000000
608269.897255 2475276.478231 0.000000
608264.935724 2475275.901310 0.000000
608259.974193 2475275.324388 0.000000
608255.012662 2475274.747467 0.000000
608250.012669 2475274.747468 0.000000
608245.012677 2475274.747468 0.000000
608240.012684 2475274.747469 0.000000
608235.012692 2475274.747470 0.000000
608230.012699 2475274.747471 0.000000
608225.012707 2475274.747471 0.000000
608220.012714 2475274.747472 0.000000
608215.012722 2475274.747473 0.000000
608210.012729 2475274.747474 0.000000
608205.012737 2475274.747474 0.000000
608200.012744 2475274.747475 0.000000
608195.012752 2475274.747476 0.000000
608190.012759 2475274.747477 0.000000
608185.012767 2475274.747477 0.000000
608180.012774 2475274.747478 0.000000
608175.012782 2475274.747479 0.000000
608170.012789 2475274.747480 0.000000
608165.012797 2475274.747480 0.000000
608160.012805 2475274.747481 0.000000
608155.012812 2475274.747482 0.000000
608150.012820 2475274.747483 0.000000
608145.012827 2475275.168535 0.000000
608140.012835 2475275.589588 0.000000
608135.012842 2475276.010641 0.000000
608130.012850 2475276.431694 0.000000
608125.012857 2475276.852746 0.000000
608120.012865 2475277.273799 0.000000
608115.012873 2475277.694852 0.000000
608110.012880 2475278.115905 0.000000
608105.012888 2475278.536957 0.000000
608100.012895 2475278.958010 0.000000
608095.012903 2475279.379063 0.000000
608090.012910 2475279.800116 0.000000
608085.012918 2475280.221168 0.000000
608080.012926 2475280.642221 0.000000
608075.012933 2475281.063274 0.000000
608070.012941 2475281.484327 0.000000
608065.012948 2475281.905379 0.000000
608060.012956 2475282.326432 0.000000
608055.012964 2475282.747485 0.000000
608050.099928 2475283.660528 0.000000
608045.186892 2475284.573571 0.000000
608040.273856 2475285.486613 0.000000
608035.360820 2475286.399656 0.000000
608030.447784 2475287.312699 0.000000
608025.534748 2475288.225742 0.000000
608020.621712 2475289.138785 0.000000
608015.708676 2475290.051828 0.000000
608010.795640 2475290.964871 0.000000
608005.882604 2475291.877913 0.000000
608000.969568 2475292.790956 0.000000
607996.056532 2475293.703999 0.000000
607991.143496 2475294.617042 0.000000
607986.230460 2475295.530085 0.000000
607981.317424 2475296.443128 0.000000
607976.404388 2475297.356170 0.000000
607971.491352 2475298.269213 0.000000
607966.578316 2475299.182256 0.000000
607961.665280 2475300.095299 0.000000
607956.752244 2475301.008342 0.000000
607951.839208 2475301.921385 0.000000
607946.926172 2475302.834427 0.000000
607942.013137 2475303.747470 0.000000
607937.276302 2475305.326416 0.000000
607932.539467 2475306.905362 0.000000
607927.802632 2475308.484307 0.000000
607923.065798 2475310.063253 0.000000
607918.328963 2475311.642199 0.000000
607913.592128 2475313.221144 0.000000
607908.855293 2475314.800090 0.000000
607904.118459 2475316.379036 0.000000
607899.381624 2475317.957982 0.000000
607894.644789 2475319.536927 0.000000
607889.907954 2475321.115873 0.000000
607885.171120 2475322.694819 0.000000
607880.434285 2475324.273764 0.000000
607875.697450 2475325.852710 0.000000
607870.960615 2475327.431656 0.000000
607866.223781 2475329.010601 0.000000
607861.486946 2475330.589547 0.000000
607856.750111 2475332.168493 0.000000
607852.013276 2475333.747439 0.000000
607847.551745 2475335.978205 0.000000
607843.090213 2475338.208972 0.000000
607838.628682 2475340.439738 0.000000
607834.167151 2475342.670505 0.000000
607829.705619 2475344.901271 0.000000
607825.244088 2475347.132038 0.000000
607820.782556 2475349.362804 0.000000
607816.321025 2475351.593571 0.000000
607811.859494 2475353.824337 0.000000
607807.397962 2475356.055104 0.000000
607802.936431 2475358.285870 0.000000
607798.474899 2475360.516637 0.000000
607794.013368 2475362.747403 0.000000
607789.825875 2475365.434900 0.000000
607785.638381 2475368.122397 0.000000
607781.450888 2475370.809893 0.000000
607777.263395 2475373.497390 0.000000
607773.075901 2475376.184886 0.000000
607768.888408 2475378.872383 0.000000
607764.700915 2475381.559879 0.000000
607760.513421 2475384.247376 0.000000
607756.325928 2475386.934873 0.000000
607752.138435 2475389.622369 0.000000
607747.950942 2475392.309866 0.000000
607743.763448 2475394.997362 0.000000
607739.575955 2475397.684859 0.000000
607735.388462 2475400.372355 0.000000
607731.200968 2475403.059852 0.000000
607727.013475 2475405.747348 0.000000
607723.045740 2475408.795732 0.000000
607719.078004 2475411.844115 0.000000
607715.110269 2475414.892498 0.000000
607711.142533 2475417.940881 0.000000
607707.174797 2475420.989264 0.000000
607703.207062 2475424.037647 0.000000
607699.239326 2475427.086030 0.000000
607695.271591 2475430.134413 0.000000
607691.303855 2475433.182796 0.000000
607687.336120 2475436.231179 0.000000
607683.368384 2475439.279562 0.000000
607679.400649 2475442.327946 0.000000
607675.432913 2475445.376329 0.000000
607671.465178 2475448.424712 0.000000
607667.497442 2475451.473095 0.000000
607663.529707 2475454.521478 0.000000
607659.561971 2475457.569861 0.000000
607655.594236 2475460.618244 0.000000
607651.626500 2475463.666627 0.000000
607647.658765 2475466.715010 0.000000
607643.691029 2475469.763393 0.000000
607639.723294 2475472.811776 0.000000
607635.755558 2475475.860159 0.000000
607631.787823 2475478.908543 0.000000
607627.820087 2475481.956926 0.000000
607623.852352 2475485.005309 0.000000
607619.884616 2475488.053692 0.000000
607615.916881 2475491.102075 0.000000
607611.949145 2475494.150458 0.000000
607607.981410 2475497.198841 0.000000
607604.013674 2475500.247224 0.000000
607600.045939 2475503.295607 0.000000
607596.078203 2475506.343990 0.000000
607592.110468 2475509.392373 0.000000
607588.142732 2475512.440756 0.000000
607584.174997 2475515.489140 0.000000
607580.207261 2475518.537523 0.000000
607576.239526 2475521.585906 0.000000
607572.271790 2475524.634289 0.000000
607568.304054 2475527.682672 0.000000
607564.336319 2475530.731055 0.000000
607560.368583 2475533.779438 0.000000
607556.400848 2475536.827821 0.000000
607552.433112 2475539.876204 0.000000
607548.465377 2475542.924587 0.000000
607544.497641 2475545.972970 0.000000
607540.529906 2475549.021354 0.000000
607536.562170 2475552.069737 0.000000
607532.594435 2475555.118120 0.000000
607528.626699 2475558.166503 0.000000
607524.658964 2475561.214886 0.000000
607520.691228 2475564.263269 0.000000
607516.723493 2475567.311652 0.000000
607512.755757 2475570.360035 0.000000
607508.788022 2475573.408418 0.000000
607504.820286 2475576.456801 0.000000
607500.852551 2475579.505184 0.000000
607496.884815 2475582.553567 0.000000
607492.917080 2475585.601951 0.000000
607488.949344 2475588.650334 0.000000
607484.981609 2475591.698717 0.000000
607481.013873 2475594.747100 0.000000
607476.837409 2475597.452979 0.000000
607472.660945 2475600.158858 0.000000
607468.484481 2475602.864736 0.000000
607464.308018 2475605.570615 0.000000
607460.131554 2475608.276494 0.000000
607455.955090 2475610.982373 0.000000
607451.778626 2475613.688252 0.000000
607447.602162 2475616.394131 0.000000
607443.425698 2475619.100010 0.000000
607439.249234 2475621.805889 0.000000
607435.072770 2475624.511768 0.000000
607430.896306 2475627.217646 0.000000
607426.719842 2475629.923525 0.000000
607422.543379 2475632.629404 0.000000
607418.366915 2475635.335283 0.000000
607414.190451 2475638.041162 0.000000
607410.013987 2475640.747041 0.000000
607405.585422 2475643.032752 0.000000
607401.156858 2475645.318464 0.000000
607396.728294 2475647.604175 0.000000
607392.299729 2475649.889887 0.000000
607387.871165 2475652.175598 0.000000
607383.442600 2475654.461310 0.000000
607379.014036 2475656.747021 0.000000
607374.585471 2475659.032733 0.000000
607370.156907 2475661.318444 0.000000
607365.728342 2475663.604156 0.000000
607361.299778 2475665.889867 0.000000
607356.871214 2475668.175579 0.000000
607352.442649 2475670.461290 0.000000
607348.014085 2475672.747002 0.000000
607343.585520 2475675.032713 0.000000
607339.156956 2475677.318425 0.000000
607334.728391 2475679.604136 0.000000
607330.299827 2475681.889848 0.000000
607325.871263 2475684.175559 0.000000
607321.442698 2475686.461271 0.000000
607317.014134 2475688.746982 0.000000
607312.395093 2475690.651742 0.000000
607307.776053 2475692.556502 0.000000
607303.157013 2475694.461261 0.000000
607298.537972 2475696.366021 0.000000
607293.918932 2475698.270781 0.000000
607289.299891 2475700.175541 0.000000
607284.680851 2475702.080300 0.000000
607280.061811 2475703.985060 0.000000
607275.442770 2475705.889820 0.000000
607270.823730 2475707.794580 0.000000
607266.204689 2475709.699339 0.000000
607261.585649 2475711.604099 0.000000
607256.966609 2475713.508859 0.000000
607252.347568 2475715.413618 0.000000
607247.728528 2475717.318378 0.000000
607243.109487 2475719.223138 0.000000
607238.490447 2475721.127898 0.000000
607233.871407 2475723.032657 0.000000
607229.252366 2475724.937417 0.000000
607224.633326 2475726.842177 0.000000
607220.014285 2475728.746936 0.000000
607215.214293 2475730.213602 0.000000
607210.414300 2475731.680267 0.000000
607205.614308 2475733.146932 0.000000
607200.814315 2475734.613597 0.000000
607196.014323 2475736.080262 0.000000
607191.214330 2475737.546927 0.000000
607186.414338 2475739.013593 0.000000
607181.614345 2475740.480258 0.000000
607176.814352 2475741.946923 0.000000
607172.014360 2475743.413588 0.000000
607167.214367 2475744.880253 0.000000
607162.414375 2475746.346918 0.000000
607157.614382 2475747.813584 0.000000
607152.814390 2475749.280249 0.000000
607148.014397 2475750.746914 0.000000
607143.114404 2475751.646913 0.000000
607138.214412 2475752.546913 0.000000
607133.314419 2475753.446912 0.000000
607128.414427 2475754.346911 0.000000
607123.514434 2475755.246911 0.000000
607118.614442 2475756.146910 0.000000
607113.714449 2475757.046910 0.000000
607108.814457 2475757.946909 0.000000
607103.914464 2475758.846908 0.000000
607099.014472 2475759.746908 0.000000
607094.114479 2475760.646907 0.000000
607089.214487 2475761.546906 0.000000
607084.314494 2475762.446906 0.000000
607079.414502 2475763.346905 0.000000
607074.514509 2475764.246905 0.000000
607069.614517 2475765.146904 0.000000
607064.714524 2475766.046903 0.000000
607059.814532 2475766.946903 0.000000
607054.914539 2475767.846902 0.000000
607050.014547 2475768.746901 0.000000
607045.014554 2475769.121902 0.000000
607040.014562 2475769.496902 0.000000
607035.014570 2475769.871902 0.000000
607030.014577 2475770.246902 0.000000
607025.014585 2475770.621902 0.000000
607020.014592 2475770.996903 0.000000
607015.014600 2475771.371903 0.000000
607010.014607 2475771.746903 0.000000
607005.014615 2475772.121903 0.000000
607000.014623 2475772.496903 0.000000
606995.014630 2475772.871903 0.000000
606990.014638 2475773.246904 0.000000
606985.014645 2475773.621904 0.000000
606980.014653 2475773.996904 0.000000
606975.014660 2475774.371904 0.000000
606970.014668 2475774.746904 0.000000
606965.016704 2475774.702280 0.000000
606960.018740 2475774.657656 0.000000
606955.020776 2475774.613033 0.000000
606950.022812 2475774.568409 0.000000
606945.024847 2475774.523785 0.000000
606940.026883 2475774.479161 0.000000
606935.028919 2475774.434537 0.000000
606930.030955 2475774.389913 0.000000
606925.032991 2475774.345289 0.000000
606920.035027 2475774.300665 0.000000
606915.037063 2475774.256041 0.000000
606910.039099 2475774.211417 0.000000
606905.041135 2475774.166793 0.000000
606900.043171 2475774.122169 0.000000
606895.045206 2475774.077545 0.000000
606890.047242 2475774.032921 0.000000
606885.049278 2475773.988297 0.000000
606880.051314 2475773.943673 0.000000
606875.053350 2475773.899049 0.000000
606870.055386 2475773.854426 0.000000
606865.057422 2475773.809802 0.000000
606860.059458 2475773.765178 0.000000
606855.061494 2475773.720554 0.000000
606850.063530 2475773.675930 0.000000
606845.065565 2475773.631306 0.000000
606840.067601 2475773.586682 0.000000
606835.069637 2475773.542058 0.000000
606830.071673 2475773.497434 0.000000
606825.073709 2475773.452810 0.000000
606820.075745 2475773.408186 0.000000
606815.077781 2475773.363562 0.000000
606810.079817 2475773.318938 0.000000
606805.081853 2475773.274314 0.000000
606800.083889 2475773.229690 0.000000
606795.085924 2475773.185066 0.000000
606790.087960 2475773.140443 0.000000
606785.089996 2475773.095819 0.000000
606780.092032 2475773.051195 0.000000
606775.094068 2475773.006571 0.000000
606770.096104 2475772.961947 0.000000
606765.098140 2475772.917323 0.000000
606760.100176 2475772.872699 0.000000
606755.102212 2475772.828075 0.000000
606750.104248 2475772.783451 0.000000
606745.106283 2475772.738827 0.000000
606740.108319 2475772.694203 0.000000
606735.110355 2475772.649579 0.000000
606730.112391 2475772.604955 0.000000
606725.114427 2475772.560331 0.000000
606720.116463 2475772.515707 0.000000
606715.118499 2475772.471083 0.000000
606710.120535 2475772.426459 0.000000
606705.122571 2475772.381836 0.000000
606700.124607 2475772.337212 0.000000
606695.126642 2475772.292588 0.000000
606690.128678 2475772.247964 0.000000
606685.130714 2475772.203340 0.000000
606680.132750 2475772.158716 0.000000
606675.134786 2475772.114092 0.000000
606670.136822 2475772.069468 0.000000
606665.138858 2475772.024844 0.000000
606660.140894 2475771.980220 0.000000
606655.142930 2475771.935596 0.000000
606650.144966 2475771.890972 0.000000
606645.147002 2475771.846348 0.000000
606640.149037 2475771.801724 0.000000
606635.151073 2475771.757100 0.000000
606630.153109 2475771.712476 0.000000
606625.155145 2475771.667853 0.000000
606620.157181 2475771.623229 0.000000
606615.159217 2475771.578605 0.000000
606610.161253 2475771.533981 0.000000
606605.163289 2475771.489357 0.000000
606600.165325 2475771.444733 0.000000
606595.167361 2475771.400109 0.000000
606590.169396 2475771.355485 0.000000
606585.171432 2475771.310861 0.000000
606580.173468 2475771.266237 0.000000
606575.175504 2475771.221613 0.000000
606570.177540 2475771.176989 0.000000
606565.179576 2475771.132365 0.000000
606560.181612 2475771.087741 0.000000
606555.183648 2475771.043117 0.000000
606550.185684 2475770.998493 0.000000
606545.187720 2475770.953869 0.000000
606540.189755 2475770.909246 0.000000
606535.191791 2475770.864622 0.000000
606530.193827 2475770.819998 0.000000
606525.195863 2475770.775374 0.000000
606520.197899 2475770.730750 0.000000
606515.199935 2475770.686126 0.000000
606510.201971 2475770.641502 0.000000
606505.204007 2475770.596878 0.000000
606500.206043 2475770.552254 0.000000
606495.208079 2475770.507630 0.000000
606490.210114 2475770.463006 0.000000
606485.212150 2475770.418382 0.000000
606480.214186 2475770.373758 0.000000
606475.216222 2475770.329134 0.000000
606470.218258 2475770.284510 0.000000
606465.220294 2475770.239886 0.000000
606460.222330 2475770.195263 0.000000
606455.224366 2475770.150639 0.000000
606450.226402 2475770.106015 0.000000
606445.228438 2475770.061391 0.000000
606440.230473 2475770.016767 0.000000
606435.232509 2475769.972143 0.000000
606430.234545 2475769.927519 0.000000
606425.236581 2475769.882895 0.000000
606420.238617 2475769.838271 0.000000
606415.240653 2475769.793647 0.000000
606410.242689 2475769.749023 0.000000
606405.244725 2475769.704399 0.000000
606400.246761 2475769.659775 0.000000
606395.248797 2475769.615151 0.000000
606390.250832 2475769.570527 0.000000
606385.252868 2475769.525903 0.000000
606380.254904 2475769.481279 0.000000
606375.256940 2475769.436656 0.000000
606370.258976 2475769.392032 0.000000
606365.261012 2475769.347408 0.000000
606360.263048 2475769.302784 0.000000
606355.265084 2475769.258160 0.000000
606350.267120 2475769.213536 0.000000
606345.269156 2475769.168912 0.000000
606340.271191 2475769.124288 0.000000
606335.273227 2475769.079664 0.000000
606330.275263 2475769.035040 0.000000
606325.277299 2475768.990416 0.000000
606320.279335 2475768.945792 0.000000
606315.281371 2475768.901168 0.000000
606310.283407 2475768.856544 0.000000
606305.285443 2475768.811920 0.000000
606300.287479 2475768.767296 0.000000
606295.289515 2475768.722673 0.000000
606290.291550 2475768.678049 0.000000
606285.293586 2475768.633425 0.000000
606280.295622 2475768.588801 0.000000
606275.297658 2475768.544177 0.000000
606270.299694 2475768.499553 0.000000
606265.301730 2475768.454929 0.000000
606260.303766 2475768.410305 0.000000
606255.305802 2475768.365681 0.000000
606250.307838 2475768.321057 0.000000
606245.309874 2475768.276433 0.000000
606240.311909 2475768.231809 0.000000
606235.313945 2475768.187185 0.000000
606230.315981 2475768.142561 0.000000
606225.318017 2475768.097937 0.000000
606220.320053 2475768.053313 0.000000
606215.322089 2475768.008689 0.000000
606210.324125 2475767.964066 0.000000
606205.326161 2475767.919442 0.000000
606200.328197 2475767.874818 0.000000
606195.330233 2475767.830194 0.000000
606190.332268 2475767.785570 0.000000
606185.334304 2475767.740946 0.000000
606180.336340 2475767.696322 0.000000
606175.338376 2475767.651698 0.000000
606170.340412 2475767.607074 0.000000
606165.342448 2475767.562450 0.000000
606160.344484 2475767.517826 0.000000
606155.346520 2475767.473202 0.000000
606150.348556 2475767.428578 0.000000
606145.350592 2475767.383954 0.000000
606140.352627 2475767.339330 0.000000
606135.354663 2475767.294706 0.000000
606130.356699 2475767.250083 0.000000
606125.358735 2475767.205459 0.000000
606120.360771 2475767.160835 0.000000
606115.362807 2475767.116211 0.000000
606110.364843 2475767.071587 0.000000
606105.366879 2475767.026963 0.000000
606100.368915 2475766.982339 0.000000
606095.370951 2475766.937715 0.000000
606090.372986 2475766.893091 0.000000
606085.375022 2475766.848467 0.000000
606080.377058 2475766.803843 0.000000
606075.379094 2475766.759219 0.000000
606070.381130 2475766.714595 0.000000
606065.383166 2475766.669971 0.000000
606060.385202 2475766.625347 0.000000
606055.387238 2475766.580723 0.000000
606050.389274 2475766.536099 0.000000
606045.391310 2475766.491476 0.000000
606040.393345 2475766.446852 0.000000
606035.395381 2475766.402228 0.000000
606030.397417 2475766.357604 0.000000
606025.399453 2475766.312980 0.000000
606020.401489 2475766.268356 0.000000
606015.403525 2475766.223732 0.000000
606010.405561 2475766.179108 0.000000
606005.407597 2475766.134484 0.000000
606000.409633 2475766.089860 0.000000
605995.411669 2475766.045236 0.000000
605990.413704 2475766.000612 0.000000
605985.415740 2475765.955988 0.000000
605980.417776 2475765.911364 0.000000
605975.419812 2475765.866740 0.000000
605970.421848 2475765.822116 0.000000
605965.423884 2475765.777492 0.000000
605960.425920 2475765.732869 0.000000
605955.427956 2475765.688245 0.000000
605950.429992 2475765.643621 0.000000
605945.432028 2475765.598997 0.000000
605940.434063 2475765.554373 0.000000
605935.436099 2475765.509749 0.000000
605930.438135 2475765.465125 0.000000
605925.440171 2475765.420501 0.000000
605920.442207 2475765.375877 0.000000
605915.444243 2475765.331253 0.000000
605910.446279 2475765.286629 0.000000
605905.448315 2475765.242005 0.000000
605900.450351 2475765.197381 0.000000
605895.452387 2475765.152757 0.000000
605890.454422 2475765.108133 0.000000
605885.456458 2475765.063509 0.000000
605880.458494 2475765.018886 0.000000
605875.460530 2475764.974262 0.000000
605870.462566 2475764.929638 0.000000
605865.464602 2475764.885014 0.000000
605860.466638 2475764.840390 0.000000
605855.468674 2475764.795766 0.000000
605850.470710 2475764.751142 0.000000
605845.472746 2475764.706518 0.000000
605840.474781 2475764.661894 0.000000
605835.476817 2475764.617270 0.000000
605830.478853 2475764.572646 0.000000
605825.480889 2475764.528022 0.000000
605820.482925 2475764.483398 0.000000
605815.484961 2475764.438774 0.000000
605810.486997 2475764.394150 0.000000
605805.489033 2475764.349526 0.000000
605800.491069 2475764.304902 0.000000
605795.493105 2475764.260279 0.000000
605790.495140 2475764.215655 0.000000
605785.497176 2475764.171031 0.000000
605780.499212 2475764.126407 0.000000
605775.501248 2475764.081783 0.000000
605770.503284 2475764.037159 0.000000
605765.505320 2475763.992535 0.000000
605760.507356 2475763.947911 0.000000
605755.509392 2475763.903287 0.000000
605750.511428 2475763.858663 0.000000
605745.513464 2475763.814039 0.000000
605740.515499 2475763.769415 0.000000
605735.517535 2475763.724791 0.000000
605730.519571 2475763.680167 0.000000
605725.521607 2475763.635543 0.000000
605720.523643 2475763.590919 0.000000
605715.525679 2475763.546296 0.000000
605710.527715 2475763.501672 0.000000
605705.529751 2475763.457048 0.000000
605700.531787 2475763.412424 0.000000
605695.533823 2475763.367800 0.000000
605690.535858 2475763.323176 0.000000
605685.537894 2475763.278552 0.000000
605680.539930 2475763.233928 0.000000
605675.541966 2475763.189304 0.000000
605670.544002 2475763.144680 0.000000
605665.546038 2475763.100056 0.000000
605660.548074 2475763.055432 0.000000
605655.550110 2475763.010808 0.000000
605650.552146 2475762.966184 0.000000
605645.554182 2475762.921560 0.000000
605640.556217 2475762.876936 0.000000
605635.558253 2475762.832312 0.000000
605630.560289 2475762.787689 0.000000
605625.562325 2475762.743065 0.000000
605620.564361 2475762.698441 0.000000
605615.566397 2475762.653817 0.000000
605610.568433 2475762.609193 0.000000
605605.570469 2475762.564569 0.000000
605600.572505 2475762.519945 0.000000
605595.574541 2475762.475321 0.000000
605590.576576 2475762.430697 0.000000
605585.578612 2475762.386073 0.000000
605580.580648 2475762.341449 0.000000
605575.582684 2475762.296825 0.000000
605570.584720 2475762.252201 0.000000
605565.586756 2475762.207577 0.000000
605560.588792 2475762.162953 0.000000
605555.590828 2475762.118329 0.000000
605550.592864 2475762.073706 0.000000
605545.594900 2475762.029082 0.000000
605540.596936 2475761.984458 0.000000
605535.598971 2475761.939834 0.000000
605530.601007 2475761.895210 0.000000
605525.603043 2475761.850586 0.000000
605520.605079 2475761.805962 0.000000
605515.607115 2475761.761338 0.000000
605510.609151 2475761.716714 0.000000
605505.611187 2475761.672090 0.000000
605500.613223 2475761.627466 0.000000
605495.615259 2475761.582842 0.000000
605490.617295 2475761.538218 0.000000
605485.619330 2475761.493594 0.000000
605480.621366 2475761.448970 0.000000
605475.623402 2475761.404346 0.000000
605470.625438 2475761.359722 0.000000
605465.627474 2475761.315099 0.000000
605460.629510 2475761.270475 0.000000
605455.631546 2475761.225851 0.000000
605450.633582 2475761.181227 0.000000
605445.635618 2475761.136603 0.000000
605440.637654 2475761.091979 0.000000
605435.639689 2475761.047355 0.000000
605430.641725 2475761.002731 0.000000
605425.643761 2475760.958107 0.000000
605420.645797 2475760.913483 0.000000
605415.647833 2475760.868859 0.000000
605410.649869 2475760.824235 0.000000
605405.651905 2475760.779611 0.000000
605400.653941 2475760.734987 0.000000
605395.655977 2475760.690363 0.000000
605390.658013 2475760.645739 0.000000
605385.660048 2475760.601116 0.000000
605380.662084 2475760.556492 0.000000
605375.664120 2475760.511868 0.000000
605370.666156 2475760.467244 0.000000
605365.668192 2475760.422620 0.000000
605360.670228 2475760.377996 0.000000
605355.672264 2475760.333372 0.000000
605350.674300 2475760.288748 0.000000
605345.676336 2475760.244124 0.000000
605340.678372 2475760.199500 0.000000
605335.680407 2475760.154876 0.000000
605330.682443 2475760.110252 0.000000
605325.684479 2475760.065628 0.000000
605320.686515 2475760.021004 0.000000
605315.688551 2475759.976380 0.000000
605310.690587 2475759.931756 0.000000
605305.692623 2475759.887132 0.000000
605300.694659 2475759.842509 0.000000
605295.696695 2475759.797885 0.000000
605290.698731 2475759.753261 0.000000
605285.700766 2475759.708637 0.000000
605280.702802 2475759.664013 0.000000
605275.704838 2475759.619389 0.000000
605270.706874 2475759.574765 0.000000
605265.708910 2475759.530141 0.000000
605260.710946 2475759.485517 0.000000
605255.712982 2475759.440893 0.000000
605250.715018 2475759.396269 0.000000
605245.717054 2475759.351645 0.000000
605240.719090 2475759.307021 0.000000
605235.721125 2475759.262397 0.000000
605230.723161 2475759.217773 0.000000
605225.725197 2475759.173149 0.000000
605220.727233 2475759.128526 0.000000
605215.729269 2475759.083902 0.000000
605210.731305 2475759.039278 0.000000
605205.733341 2475758.994654 0.000000
605200.735377 2475758.950030 0.000000
605195.737413 2475758.905406 0.000000
605190.739449 2475758.860782 0.000000
605185.741484 2475758.816158 0.000000
605180.743520 2475758.771534 0.000000
605175.745556 2475758.726910 0.000000
605170.747592 2475758.682286 0.000000
605165.749628 2475758.637662 0.000000
605160.751664 2475758.593038 0.000000
605155.753700 2475758.548414 0.000000
605150.755736 2475758.503790 0.000000
605145.757772 2475758.459166 0.000000
605140.759808 2475758.414542 0.000000
605135.761843 2475758.369919 0.000000
605130.763879 2475758.325295 0.000000
605125.765915 2475758.280671 0.000000
605120.767951 2475758.236047 0.000000
605115.769987 2475758.191423 0.000000
605110.772023 2475758.146799 0.000000
605105.774059 2475758.102175 0.000000
605100.776095 2475758.057551 0.000000
605095.778131 2475758.012927 0.000000
605090.780167 2475757.968303 0.000000
605085.782202 2475757.923679 0.000000
605080.784238 2475757.879055 0.000000
605075.786274 2475757.834431 0.000000
605070.788310 2475757.789807 0.000000
605065.790346 2475757.745183 0.000000
605060.792382 2475757.700559 0.000000
605055.794418 2475757.655936 0.000000
605050.796454 2475757.611312 0.000000
605045.798490 2475757.566688 0.000000
605040.800526 2475757.522064 0.000000
605035.802561 2475757.477440 0.000000
605030.804597 2475757.432816 0.000000
605025.806633 2475757.388192 0.000000
605020.808669 2475757.343568 0.000000
605015.810705 2475757.298944 0.000000
605010.812741 2475757.254320 0.000000
605005.814777 2475757.209696 0.000000
605000.816813 2475757.165072 0.000000
604995.818849 2475757.120448 0.000000
604990.820885 2475757.075824 0.000000
604985.822920 2475757.031200 0.000000
604980.824956 2475756.986576 0.000000
604975.826992 2475756.941952 0.000000
604970.829028 2475756.897329 0.000000
604965.831064 2475756.852705 0.000000
604960.833100 2475756.808081 0.000000
604955.835136 2475756.763457 0.000000
604950.837172 2475756.718833 0.000000
604945.839208 2475756.674209 0.000000
604940.841244 2475756.629585 0.000000
604935.843279 2475756.584961 0.000000
604930.845315 2475756.540337 0.000000
604925.847351 2475756.495713 0.000000
604920.849387 2475756.451089 0.000000
604915.851423 2475756.406465 0.000000
604910.853459 2475756.361841 0.000000
604905.855495 2475756.317217 0.000000
604900.857531 2475756.272593 0.000000
604895.859567 2475756.227969 0.000000
604890.861603 2475756.183345 0.000000
604885.863638 2475756.138722 0.000000
604880.865674 2475756.094098 0.000000
604875.867710 2475756.049474 0.000000
604870.869746 2475756.004850 0.000000
604865.871782 2475755.960226 0.000000
604860.873818 2475755.915602 0.000000
604855.875854 2475755.870978 0.000000
604850.877890 2475755.826354 0.000000
604845.879926 2475755.781730 0.000000
604840.881962 2475755.737106 0.000000
604835.883997 2475755.692482 0.000000
604830.886033 2475755.647858 0.000000
604825.888069 2475755.603234 0.000000
604820.890105 2475755.558610 0.000000
604815.892141 2475755.513986 0.000000
604810.894177 2475755.469362 0.000000
604805.896213 2475755.424739 0.000000
604800.898249 2475755.380115 0.000000
604795.900285 2475755.335491 0.000000
604790.902321 2475755.290867 0.000000
604785.904356 2475755.246243 0.000000
604780.906392 2475755.201619 0.000000
604775.908428 2475755.156995 0.000000
604770.910464 2475755.112371 0.000000
604765.912500 2475755.067747 0.000000
604760.914536 2475755.023123 0.000000
604755.916572 2475754.978499 0.000000
604750.918608 2475754.933875 0.000000
604745.920644 2475754.889251 0.000000
604740.922680 2475754.844627 0.000000
604735.924715 2475754.800003 0.000000
604730.926751 2475754.755379 0.000000
604725.928787 2475754.710755 0.000000
604720.930823 2475754.666132 0.000000
604715.932859 2475754.621508 0.000000
604710.934895 2475754.576884 0.000000
604705.936931 2475754.532260 0.000000
604700.938967 2475754.487636 0.000000
604695.941003 2475754.443012 0.000000
604690.943039 2475754.398388 0.000000
604685.945074 2475754.353764 0.000000
604680.947110 2475754.309140 0.000000
604675.949146 2475754.264516 0.000000
604670.951182 2475754.219892 0.000000
604665.953218 2475754.175268 0.000000
604660.955254 2475754.130644 0.000000
604655.957290 2475754.086020 0.000000
604650.959326 2475754.041396 0.000000
604645.961362 2475753.996772 0.000000
604640.963398 2475753.952149 0.000000
604635.965433 2475753.907525 0.000000
604630.967469 2475753.862901 0.000000
604625.969505 2475753.818277 0.000000
604620.971541 2475753.773653 0.000000
604615.973577 2475753.729029 0.000000
604610.975613 2475753.684405 0.000000
604605.977649 2475753.639781 0.000000
604600.979685 2475753.595157 0.000000
604595.981721 2475753.550533 0.000000
604590.983757 2475753.505909 0.000000
604585.985792 2475753.461285 0.000000
604580.987828 2475753.416661 0.000000
604575.989864 2475753.372037 0.000000
604570.991900 2475753.327413 0.000000
604565.993936 2475753.282789 0.000000
604560.995972 2475753.238165 0.000000
604555.998008 2475753.193542 0.000000
604551.000044 2475753.148918 0.000000
604546.002080 2475753.104294 0.000000
604541.004116 2475753.059670 0.000000
604536.006151 2475753.015046 0.000000
604531.008187 2475752.970422 0.000000
604526.010223 2475752.925798 0.000000
604521.012259 2475752.881174 0.000000
604516.014295 2475752.836550 0.000000
604511.016331 2475752.791926 0.000000
604506.018367 2475752.747302 0.000000
