FFASCI 0 1 "LINES" 0 1e+10
FFATTR 0 1
->1
611929.008682 2485136.732060 0.000000
611924.375356 2485139.398724 0.000000
611919.742030 2485142.065387 0.000000
611915.108704 2485144.732051 0.000000
611910.475378 2485147.398714 0.000000
611905.842052 2485150.065377 0.000000
611901.208726 2485152.732041 0.000000
611896.575400 2485155.398704 0.000000
611891.942073 2485158.065368 0.000000
611887.308747 2485160.732031 0.000000
611882.675421 2485163.398694 0.000000
611878.042095 2485166.065358 0.000000
611873.408769 2485168.732021 0.000000
611868.775443 2485171.398684 0.000000
611864.142117 2485174.065348 0.000000
611859.508791 2485176.732011 0.000000
611854.875465 2485179.398675 0.000000
611850.242139 2485182.065338 0.000000
611845.608813 2485184.732001 0.000000
611840.975487 2485187.398665 0.000000
611836.342161 2485190.065328 0.000000
611831.708835 2485192.731992 0.000000
611827.075509 2485195.398655 0.000000
611822.442183 2485198.065318 0.000000
611817.808857 2485200.731982 0.000000
611813.175531 2485203.398645 0.000000
611808.542205 2485206.065309 0.000000
611803.908879 2485208.731972 0.000000
611799.275553 2485211.398635 0.000000
611794.642227 2485214.065299 0.000000
611790.008901 2485216.731962 0.000000
611785.361849 2485218.673136 0.000000
611780.714798 2485220.614311 0.000000
611776.067746 2485222.555485 0.000000
611771.420695 2485224.496659 0.000000
611766.773643 2485226.437834 0.000000
611762.126591 2485228.379008 0.000000
611757.479540 2485230.320182 0.000000
611752.832488 2485232.261356 0.000000
611748.185437 2485234.202531 0.000000
611743.538385 2485236.143705 0.000000
611738.891333 2485238.084879 0.000000
611734.244282 2485240.026054 0.000000
611729.597230 2485241.967228 0.000000
611724.950179 2485243.908402 0.000000
611720.303127 2485245.849576 0.000000
611715.656075 2485247.790751 0.000000
611711.009024 2485249.731925 0.000000
611706.276888 2485251.464066 0.000000
611701.544753 2485253.196207 0.000000
611696.812617 2485254.928348 0.000000
611692.080482 2485256.660489 0.000000
611687.348346 2485258.392630 0.000000
611682.616210 2485260.124771 0.000000
611677.884075 2485261.856912 0.000000
611673.151939 2485263.589053 0.000000
611668.419804 2485265.321194 0.000000
611663.687668 2485267.053335 0.000000
611658.955533 2485268.785476 0.000000
611654.223397 2485270.517617 0.000000
611649.491262 2485272.249758 0.000000
611644.759126 2485273.981899 0.000000
611640.026991 2485275.714040 0.000000
611635.294855 2485277.446181 0.000000
611630.562719 2485279.178322 0.000000
611625.830584 2485280.910463 0.000000
611621.098448 2485282.642604 0.000000
611616.366313 2485284.374745 0.000000
611611.634177 2485286.106886 0.000000
611606.902042 2485287.839027 0.000000
611602.169906 2485289.571168 0.000000
611597.437771 2485291.303309 0.000000
611592.705635 2485293.035450 0.000000
611587.973500 2485294.767591 0.000000
611583.241364 2485296.499732 0.000000
611578.509228 2485298.231873 0.000000
611573.777093 2485299.964014 0.000000
611569.044957 2485301.696155 0.000000
611564.312822 2485303.428296 0.000000
611559.580686 2485305.160437 0.000000
611554.848551 2485306.892578 0.000000
611550.116415 2485308.624719 0.000000
611545.384280 2485310.356860 0.000000
611540.652144 2485312.089001 0.000000
611535.920009 2485313.821142 0.000000
611531.187873 2485315.553283 0.000000
611526.455737 2485317.285424 0.000000
611521.723602 2485319.017565 0.000000
611516.991466 2485320.749706 0.000000
611512.259331 2485322.481847 0.000000
611507.527195 2485324.213988 0.000000
611502.795060 2485325.946129 0.000000
611498.062924 2485327.678270 0.000000
611493.330789 2485329.410411 0.000000
611488.598653 2485331.142552 0.000000
611483.866518 2485332.874693 0.000000
611479.134382 2485334.606834 0.000000
611474.402246 2485336.338975 0.000000
611469.670111 2485338.071116 0.000000
611464.937975 2485339.803257 0.000000
611460.205840 2485341.535398 0.000000
611455.473704 2485343.267539 0.000000
611450.741569 2485344.999680 0.000000
611446.009433 2485346.731821 0.000000
611441.145804 2485348.095456 0.000000
611436.282175 2485349.459091 0.000000
611431.418546 2485350.822726 0.000000
611426.554918 2485352.186361 0.000000
611421.691289 2485353.549996 0.000000
611416.827660 2485354.913631 0.000000
611411.964031 2485356.277266 0.000000
611407.100402 2485357.640901 0.000000
611402.236773 2485359.004536 0.000000
611397.373144 2485360.368171 0.000000
611392.509515 2485361.731807 0.000000
611387.645886 2485363.095442 0.000000
611382.782257 2485364.459077 0.000000
611377.918628 2485365.822712 0.000000
611373.055000 2485367.186347 0.000000
611368.191371 2485368.549982 0.000000
611363.327742 2485369.913617 0.000000
611358.464113 2485371.277252 0.000000
611353.600484 2485372.640887 0.000000
611348.736855 2485374.004522 0.000000
611343.873226 2485375.368157 0.000000
611339.009597 2485376.731792 0.000000
611334.089605 2485377.691792 0.000000
611329.169612 2485378.651791 0.000000
611324.249620 2485379.611790 0.000000
611319.329627 2485380.571790 0.000000
611314.409634 2485381.531789 0.000000
611309.489642 2485382.491788 0.000000
611304.569649 2485383.451788 0.000000
611299.649657 2485384.411787 0.000000
611294.729664 2485385.371786 0.000000
611289.809672 2485386.331786 0.000000
611284.889679 2485387.291785 0.000000
611279.969687 2485388.251784 0.000000
611275.049694 2485389.211784 0.000000
611270.129702 2485390.171783 0.000000
611265.209709 2485391.131782 0.000000
611260.289717 2485392.091782 0.000000
611255.369724 2485393.051781 0.000000
611250.449732 2485394.011780 0.000000
611245.529739 2485394.971779 0.000000
611240.609747 2485395.931779 0.000000
611235.689754 2485396.891778 0.000000
611230.769761 2485397.851777 0.000000
611225.849769 2485398.811777 0.000000
611220.929776 2485399.771776 0.000000
611216.009784 2485400.731775 0.000000
611211.045506 2485401.481775 0.000000
611206.081227 2485402.231775 0.000000
611201.116949 2485402.981774 0.000000
611196.152671 2485403.731774 0.000000
611191.188393 2485404.481774 0.000000
611186.224115 2485405.231773 0.000000
611181.259836 2485405.981773 0.000000
611176.295558 2485406.731773 0.000000
611171.331280 2485407.481772 0.000000
611166.367002 2485408.231772 0.000000
611161.402724 2485408.981771 0.000000
611156.438445 2485409.731771 0.000000
611151.474167 2485410.481771 0.000000
611146.509889 2485411.231770 0.000000
611141.545611 2485411.981770 0.000000
611136.581333 2485412.731770 0.000000
611131.617054 2485413.481769 0.000000
611126.652776 2485414.231769 0.000000
611121.688498 2485414.981769 0.000000
611116.724220 2485415.731768 0.000000
611111.759941 2485416.481768 0.000000
611106.795663 2485417.231768 0.000000
611101.831385 2485417.981767 0.000000
611096.867107 2485418.731767 0.000000
611091.902829 2485419.481766 0.000000
611086.938550 2485420.231766 0.000000
611081.974272 2485420.981766 0.000000
611077.009994 2485421.731765 0.000000
611072.045716 2485422.481765 0.000000
611067.081438 2485423.231765 0.000000
611062.117159 2485423.981764 0.000000
611057.152881 2485424.731764 0.000000
611052.188603 2485425.481764 0.000000
611047.224325 2485426.231763 0.000000
611042.260047 2485426.981763 0.000000
611037.295768 2485427.731763 0.000000
611032.331490 2485428.481762 0.000000
611027.367212 2485429.231762 0.000000
611022.402934 2485429.981761 0.000000
611017.438656 2485430.731761 0.000000
611012.474377 2485431.481761 0.000000
611007.510099 2485432.231760 0.000000
611002.545821 2485432.981760 0.000000
610997.581543 2485433.731760 0.000000
610992.617264 2485434.481759 0.000000
610987.652986 2485435.231759 0.000000
610982.688708 2485435.981759 0.000000
610977.724430 2485436.731758 0.000000
610972.760152 2485437.481758 0.000000
610967.795873 2485438.231758 0.000000
610962.831595 2485438.981757 0.000000
610957.867317 2485439.731757 0.000000
610952.903039 2485440.481756 0.000000
610947.938761 2485441.231756 0.000000
610942.974482 2485441.981756 0.000000
610938.010204 2485442.731755 0.000000
610933.092179 2485443.748148 0.000000
610928.174154 2485444.764541 0.000000
610923.256128 2485445.780933 0.000000
610918.338103 2485446.797326 0.000000
610913.420078 2485447.813719 0.000000
610908.502052 2485448.830111 0.000000
610903.584027 2485449.846504 0.000000
610898.666002 2485450.862897 0.000000
610893.747976 2485451.879289 0.000000
610888.829951 2485452.895682 0.000000
610883.911926 2485453.912075 0.000000
610878.993900 2485454.928468 0.000000
610874.075875 2485455.944860 0.000000
610869.157850 2485456.961253 0.000000
610864.239824 2485457.977646 0.000000
610859.321799 2485458.994038 0.000000
610854.403774 2485460.010431 0.000000
610849.485749 2485461.026824 0.000000
610844.567723 2485462.043216 0.000000
610839.649698 2485463.059609 0.000000
610834.731673 2485464.076002 0.000000
610829.813647 2485465.092394 0.000000
610824.895622 2485466.108787 0.000000
610819.977597 2485467.125180 0.000000
610815.059571 2485468.141572 0.000000
610810.141546 2485469.157965 0.000000
610805.223521 2485470.174358 0.000000
610800.305495 2485471.190750 0.000000
610795.387470 2485472.207143 0.000000
610790.469445 2485473.223536 0.000000
610785.551420 2485474.239928 0.000000
610780.633394 2485475.256321 0.000000
610775.715369 2485476.272714 0.000000
610770.797344 2485477.289106 0.000000
610765.879318 2485478.305499 0.000000
610760.961293 2485479.321892 0.000000
610756.043268 2485480.338284 0.000000
610751.125242 2485481.354677 0.000000
610746.207217 2485482.371070 0.000000
610741.289192 2485483.387462 0.000000
610736.371166 2485484.403855 0.000000
610731.453141 2485485.420248 0.000000
610726.535116 2485486.436640 0.000000
610721.617090 2485487.453033 0.000000
610716.699065 2485488.469426 0.000000
610711.781040 2485489.485819 0.000000
610706.863015 2485490.502211 0.000000
610701.944989 2485491.518604 0.000000
610697.026964 2485492.534997 0.000000
610692.108939 2485493.551389 0.000000
610687.190913 2485494.567782 0.000000
610682.272888 2485495.584175 0.000000
610677.354863 2485496.600567 0.000000
610672.436837 2485497.616960 0.000000
610667.518812 2485498.633353 0.000000
610662.600787 2485499.649745 0.000000
610657.682761 2485500.666138 0.000000
610652.764736 2485501.682531 0.000000
610647.846711 2485502.698923 0.000000
610642.928686 2485503.715316 0.000000
610638.010660 2485504.731709 0.000000
610633.027334 2485505.398375 0.000000
610628.044009 2485506.065042 0.000000
610623.060683 2485506.731708 0.000000
610618.077357 2485507.398374 0.000000
610613.094031 2485508.065041 0.000000
610608.110705 2485508.731707 0.000000
610603.127379 2485509.398374 0.000000
610598.144054 2485510.065040 0.000000
610593.160728 2485510.731707 0.000000
610588.177402 2485511.398373 0.000000
610583.194076 2485512.065039 0.000000
610578.210750 2485512.731706 0.000000
610573.227425 2485513.398372 0.000000
610568.244099 2485514.065039 0.000000
610563.260773 2485514.731705 0.000000
610558.277447 2485515.398372 0.000000
610553.294121 2485516.065038 0.000000
610548.310796 2485516.731704 0.000000
610543.327470 2485517.398371 0.000000
610538.344144 2485518.065037 0.000000
610533.360818 2485518.731704 0.000000
610528.377492 2485519.398370 0.000000
610523.394166 2485520.065037 0.000000
610518.410841 2485520.731703 0.000000
610513.427515 2485521.398369 0.000000
610508.444189 2485522.065036 0.000000
610503.460863 2485522.731702 0.000000
610498.477537 2485523.398369 0.000000
610493.494212 2485524.065035 0.000000
610488.510886 2485524.731702 0.000000
610483.527560 2485525.398368 0.000000
610478.544234 2485526.065035 0.000000
610473.560908 2485526.731701 0.000000
610468.577583 2485527.398367 0.000000
610463.594257 2485528.065034 0.000000
610458.610931 2485528.731700 0.000000
610453.627605 2485529.398367 0.000000
610448.644279 2485530.065033 0.000000
610443.660953 2485530.731700 0.000000
610438.677628 2485531.398366 0.000000
610433.694302 2485532.065032 0.000000
610428.710976 2485532.731699 0.000000
610423.727650 2485533.398365 0.000000
610418.744324 2485534.065032 0.000000
610413.760999 2485534.731698 0.000000
610408.777673 2485535.398365 0.000000
610403.794347 2485536.065031 0.000000
610398.811021 2485536.731697 0.000000
610393.827695 2485537.398364 0.000000
610388.844369 2485538.065030 0.000000
610383.861044 2485538.731697 0.000000
610378.877718 2485539.398363 0.000000
610373.894392 2485540.065030 0.000000
610368.911066 2485540.731696 0.000000
610363.927740 2485541.398362 0.000000
610358.944415 2485542.065029 0.000000
610353.961089 2485542.731695 0.000000
610348.977763 2485543.398362 0.000000
610343.994437 2485544.065028 0.000000
610339.011111 2485544.731695 0.000000
610334.079301 2485545.663512 0.000000
610329.147490 2485546.595330 0.000000
610324.215679 2485547.527147 0.000000
610319.283869 2485548.458965 0.000000
610314.352058 2485549.390782 0.000000
610309.420247 2485550.322600 0.000000
610304.488436 2485551.254417 0.000000
610299.556626 2485552.186235 0.000000
610294.624815 2485553.118052 0.000000
610289.693004 2485554.049870 0.000000
610284.761194 2485554.981688 0.000000
610279.829383 2485555.913505 0.000000
610274.897572 2485556.845323 0.000000
610269.965762 2485557.777140 0.000000
610265.033951 2485558.708958 0.000000
610260.102140 2485559.640775 0.000000
610255.170329 2485560.572593 0.000000
610250.238519 2485561.504410 0.000000
610245.306708 2485562.436228 0.000000
610240.374897 2485563.368045 0.000000
610235.443087 2485564.299863 0.000000
610230.511276 2485565.231681 0.000000
610225.579465 2485566.163498 0.000000
610220.647655 2485567.095316 0.000000
610215.715844 2485568.027133 0.000000
610210.784033 2485568.958951 0.000000
610205.852222 2485569.890768 0.000000
610200.920412 2485570.822586 0.000000
610195.988601 2485571.754403 0.000000
610191.056790 2485572.686221 0.000000
610186.124980 2485573.618038 0.000000
610181.193169 2485574.549856 0.000000
610176.261358 2485575.481673 0.000000
610171.329548 2485576.413491 0.000000
610166.397737 2485577.345309 0.000000
610161.465926 2485578.277126 0.000000
610156.534115 2485579.208944 0.000000
610151.602305 2485580.140761 0.000000
610146.670494 2485581.072579 0.000000
610141.738683 2485582.004396 0.000000
610136.806873 2485582.936214 0.000000
610131.875062 2485583.868031 0.000000
610126.943251 2485584.799849 0.000000
610122.011441 2485585.731666 0.000000
610117.079630 2485586.663484 0.000000
610112.147819 2485587.595301 0.000000
610107.216008 2485588.527119 0.000000
610102.284198 2485589.458937 0.000000
610097.352387 2485590.390754 0.000000
610092.420576 2485591.322572 0.000000
610087.488766 2485592.254389 0.000000
610082.556955 2485593.186207 0.000000
610077.625144 2485594.118024 0.000000
610072.693334 2485595.049842 0.000000
610067.761523 2485595.981659 0.000000
610062.829712 2485596.913477 0.000000
610057.897901 2485597.845294 0.000000
610052.966091 2485598.777112 0.000000
610048.034280 2485599.708930 0.000000
610043.102469 2485600.640747 0.000000
610038.170659 2485601.572565 0.000000
610033.238848 2485602.504382 0.000000
610028.307037 2485603.436200 0.000000
610023.375227 2485604.368017 0.000000
610018.443416 2485605.299835 0.000000
610013.511605 2485606.231652 0.000000
610008.579794 2485607.163470 0.000000
610003.647984 2485608.095287 0.000000
609998.716173 2485609.027105 0.000000
609993.784362 2485609.958922 0.000000
609988.852552 2485610.890740 0.000000
609983.920741 2485611.822558 0.000000
609978.988930 2485612.754375 0.000000
609974.057120 2485613.686193 0.000000
609969.125309 2485614.618010 0.000000
609964.193498 2485615.549828 0.000000
609959.261687 2485616.481645 0.000000
609954.329877 2485617.413463 0.000000
609949.398066 2485618.345280 0.000000
609944.466255 2485619.277098 0.000000
609939.534445 2485620.208915 0.000000
609934.602634 2485621.140733 0.000000
609929.670823 2485622.072550 0.000000
609924.739013 2485623.004368 0.000000
609919.807202 2485623.936186 0.000000
609914.875391 2485624.868003 0.000000
609909.943580 2485625.799821 0.000000
609905.011770 2485626.731638 0.000000
609900.045676 2485627.528248 0.000000
609895.079581 2485628.324858 0.000000
609890.113487 2485629.121467 0.000000
609885.147393 2485629.918077 0.000000
609880.181299 2485630.714687 0.000000
609875.215205 2485631.511297 0.000000
609870.249111 2485632.307906 0.000000
609865.283016 2485633.104516 0.000000
609860.316922 2485633.901126 0.000000
609855.350828 2485634.697736 0.000000
609850.384734 2485635.494345 0.000000
609845.418640 2485636.290955 0.000000
609840.452545 2485637.087565 0.000000
609835.486451 2485637.884174 0.000000
609830.520357 2485638.680784 0.000000
609825.554263 2485639.477394 0.000000
609820.588169 2485640.274004 0.000000
609815.622074 2485641.070613 0.000000
609810.655980 2485641.867223 0.000000
609805.689886 2485642.663833 0.000000
609800.723792 2485643.460443 0.000000
609795.757698 2485644.257052 0.000000
609790.791604 2485645.053662 0.000000
609785.825509 2485645.850272 0.000000
609780.859415 2485646.646882 0.000000
609775.893321 2485647.443491 0.000000
609770.927227 2485648.240101 0.000000
609765.961133 2485649.036711 0.000000
609760.995038 2485649.833320 0.000000
609756.028944 2485650.629930 0.000000
609751.062850 2485651.426540 0.000000
609746.096756 2485652.223150 0.000000
609741.130662 2485653.019759 0.000000
609736.164568 2485653.816369 0.000000
609731.198473 2485654.612979 0.000000
609726.232379 2485655.409589 0.000000
609721.266285 2485656.206198 0.000000
609716.300191 2485657.002808 0.000000
609711.334097 2485657.799418 0.000000
609706.368002 2485658.596028 0.000000
609701.401908 2485659.392637 0.000000
609696.435814 2485660.189247 0.000000
609691.469720 2485660.985857 0.000000
609686.503626 2485661.782466 0.000000
609681.537532 2485662.579076 0.000000
609676.571437 2485663.375686 0.000000
609671.605343 2485664.172296 0.000000
609666.639249 2485664.968905 0.000000
609661.673155 2485665.765515 0.000000
609656.707061 2485666.562125 0.000000
609651.740966 2485667.358735 0.000000
609646.774872 2485668.155344 0.000000
609641.808778 2485668.951954 0.000000
609636.842684 2485669.748564 0.000000
609631.876590 2485670.545174 0.000000
609626.910496 2485671.341783 0.000000
609621.944401 2485672.138393 0.000000
609616.978307 2485672.935003 0.000000
609612.012213 2485673.731612 0.000000
609607.108374 2485674.789304 0.000000
609602.204536 2485675.846995 0.000000
609597.300697 2485676.904687 0.000000
609592.396858 2485677.962378 0.000000
609587.493020 2485679.020070 0.000000
609582.589181 2485680.077761 0.000000
609577.685342 2485681.135453 0.000000
609572.781503 2485682.193144 0.000000
609567.877665 2485683.250836 0.000000
609562.973826 2485684.308527 0.000000
609558.069987 2485685.366219 0.000000
609553.166149 2485686.423910 0.000000
609548.262310 2485687.481602 0.000000
609543.358471 2485688.539293 0.000000
609538.454633 2485689.596984 0.000000
609533.550794 2485690.654676 0.000000
609528.646955 2485691.712367 0.000000
609523.743116 2485692.770059 0.000000
609518.839278 2485693.827750 0.000000
609513.935439 2485694.885442 0.000000
609509.031600 2485695.943133 0.000000
609504.127762 2485697.000825 0.000000
609499.223923 2485698.058516 0.000000
609494.320084 2485699.116208 0.000000
609489.416246 2485700.173899 0.000000
609484.512407 2485701.231591 0.000000
609479.608568 2485702.289282 0.000000
609474.704730 2485703.346974 0.000000
609469.800891 2485704.404665 0.000000
609464.897052 2485705.462357 0.000000
609459.993213 2485706.520048 0.000000
609455.089375 2485707.577739 0.000000
609450.185536 2485708.635431 0.000000
609445.281697 2485709.693122 0.000000
609440.377859 2485710.750814 0.000000
609435.474020 2485711.808505 0.000000
609430.570181 2485712.866197 0.000000
609425.666343 2485713.923888 0.000000
609420.762504 2485714.981580 0.000000
609415.858665 2485716.039271 0.000000
609410.954826 2485717.096963 0.000000
609406.050988 2485718.154654 0.000000
609401.147149 2485719.212346 0.000000
609396.243310 2485720.270037 0.000000
609391.339472 2485721.327729 0.000000
609386.435633 2485722.385420 0.000000
609381.531794 2485723.443111 0.000000
609376.627956 2485724.500803 0.000000
609371.724117 2485725.558494 0.000000
609366.820278 2485726.616186 0.000000
609361.916440 2485727.673877 0.000000
609357.012601 2485728.731569 0.000000
609352.054275 2485729.537124 0.000000
609347.095949 2485730.342679 0.000000
609342.137623 2485731.148234 0.000000
609337.179298 2485731.953789 0.000000
609332.220972 2485732.759344 0.000000
609327.262646 2485733.564899 0.000000
609322.304320 2485734.370455 0.000000
609317.345994 2485735.176010 0.000000
609312.387668 2485735.981565 0.000000
609307.429343 2485736.787120 0.000000
609302.471017 2485737.592675 0.000000
609297.512691 2485738.398230 0.000000
609292.554365 2485739.203785 0.000000
609287.596039 2485740.009340 0.000000
609282.637713 2485740.814895 0.000000
609277.679388 2485741.620450 0.000000
609272.721062 2485742.426006 0.000000
609267.762736 2485743.231561 0.000000
609262.804410 2485744.037116 0.000000
609257.846084 2485744.842671 0.000000
609252.887758 2485745.648226 0.000000
609247.929433 2485746.453781 0.000000
609242.971107 2485747.259336 0.000000
609238.012781 2485748.064891 0.000000
609233.054455 2485748.870446 0.000000
609228.096129 2485749.676001 0.000000
609223.137803 2485750.481557 0.000000
609218.179478 2485751.287112 0.000000
609213.221152 2485752.092667 0.000000
609208.262826 2485752.898222 0.000000
609203.304500 2485753.703777 0.000000
609198.346174 2485754.509332 0.000000
609193.387848 2485755.314887 0.000000
609188.429523 2485756.120442 0.000000
609183.471197 2485756.925997 0.000000
609178.512871 2485757.731552 0.000000
609173.554545 2485758.537108 0.000000
609168.596219 2485759.342663 0.000000
609163.637893 2485760.148218 0.000000
609158.679568 2485760.953773 0.000000
609153.721242 2485761.759328 0.000000
609148.762916 2485762.564883 0.000000
609143.804590 2485763.370438 0.000000
609138.846264 2485764.175993 0.000000
609133.887938 2485764.981548 0.000000
609128.929613 2485765.787103 0.000000
609123.971287 2485766.592659 0.000000
609119.012961 2485767.398214 0.000000
609114.054635 2485768.203769 0.000000
609109.096309 2485769.009324 0.000000
609104.137983 2485769.814879 0.000000
609099.179658 2485770.620434 0.000000
609094.221332 2485771.425989 0.000000
609089.263006 2485772.231544 0.000000
609084.304680 2485773.037099 0.000000
609079.346354 2485773.842654 0.000000
609074.388028 2485774.648210 0.000000
609069.429703 2485775.453765 0.000000
609064.471377 2485776.259320 0.000000
609059.513051 2485777.064875 0.000000
609054.554725 2485777.870430 0.000000
609049.596399 2485778.675985 0.000000
609044.638073 2485779.481540 0.000000
609039.679748 2485780.287095 0.000000
609034.721422 2485781.092650 0.000000
609029.763096 2485781.898205 0.000000
609024.804770 2485782.703761 0.000000
609019.846444 2485783.509316 0.000000
609014.888118 2485784.314871 0.000000
609009.929793 2485785.120426 0.000000
609004.971467 2485785.925981 0.000000
609000.013141 2485786.731536 0.000000
608995.013148 2485787.140232 0.000000
608990.013156 2485787.548928 0.000000
608985.013163 2485787.957623 0.000000
608980.013171 2485788.366319 0.000000
608975.013178 2485788.775015 0.000000
608970.013186 2485789.183711 0.000000
608965.013193 2485789.592407 0.000000
608960.013201 2485790.001102 0.000000
608955.013208 2485790.409798 0.000000
608950.013216 2485790.818494 0.000000
608945.013223 2485791.227190 0.000000
608940.013231 2485791.635886 0.000000
608935.013238 2485792.044581 0.000000
608930.013246 2485792.453277 0.000000
608925.013253 2485792.861973 0.000000
608920.013261 2485793.270669 0.000000
608915.013268 2485793.679365 0.000000
608910.013276 2485794.088060 0.000000
608905.013283 2485794.496756 0.000000
608900.013291 2485794.905452 0.000000
608895.013298 2485795.314148 0.000000
608890.013306 2485795.722844 0.000000
608885.013313 2485796.131539 0.000000
608880.013321 2485796.540235 0.000000
608875.013328 2485796.948931 0.000000
608870.013336 2485797.357627 0.000000
608865.013343 2485797.766323 0.000000
608860.013351 2485798.175018 0.000000
608855.013358 2485798.583714 0.000000
608850.013366 2485798.992410 0.000000
608845.013373 2485799.401106 0.000000
608840.013381 2485799.809801 0.000000
608835.013388 2485800.218497 0.000000
608830.013396 2485800.627193 0.000000
608825.013403 2485801.035889 0.000000
608820.013411 2485801.444585 0.000000
608815.013418 2485801.853280 0.000000
608810.013426 2485802.261976 0.000000
608805.013434 2485802.670672 0.000000
608800.013441 2485803.079368 0.000000
608795.013449 2485803.488064 0.000000
608790.013456 2485803.896759 0.000000
608785.013464 2485804.305455 0.000000
608780.013471 2485804.714151 0.000000
608775.013479 2485805.122847 0.000000
608770.013486 2485805.531543 0.000000
608765.013494 2485805.940238 0.000000
608760.013501 2485806.348934 0.000000
608755.013509 2485806.757630 0.000000
608750.013516 2485807.166326 0.000000
608745.013524 2485807.575022 0.000000
608740.013531 2485807.983717 0.000000
608735.013539 2485808.392413 0.000000
608730.013546 2485808.801109 0.000000
608725.013554 2485809.209805 0.000000
608720.013561 2485809.618501 0.000000
608715.013569 2485810.027196 0.000000
608710.013576 2485810.435892 0.000000
608705.013584 2485810.844588 0.000000
608700.013591 2485811.253284 0.000000
608695.013599 2485811.661980 0.000000
608690.013606 2485812.070675 0.000000
608685.013614 2485812.479371 0.000000
608680.013621 2485812.888067 0.000000
608675.013629 2485813.296763 0.000000
608670.013636 2485813.705459 0.000000
608665.013644 2485814.114154 0.000000
608660.013651 2485814.522850 0.000000
608655.013659 2485814.931546 0.000000
608650.013666 2485815.340242 0.000000
608645.013674 2485815.748937 0.000000
608640.013681 2485816.157633 0.000000
608635.013689 2485816.566329 0.000000
608630.013696 2485816.975025 0.000000
608625.013704 2485817.383721 0.000000
608620.013711 2485817.792416 0.000000
608615.013719 2485818.201112 0.000000
608610.013726 2485818.609808 0.000000
608605.013734 2485819.018504 0.000000
608600.013741 2485819.427200 0.000000
608595.013749 2485819.835895 0.000000
608590.013756 2485820.244591 0.000000
608585.013764 2485820.653287 0.000000
608580.013771 2485821.061983 0.000000
608575.013779 2485821.470679 0.000000
608570.013786 2485821.879374 0.000000
608565.013794 2485822.288070 0.000000
608560.013801 2485822.696766 0.000000
608555.013809 2485823.105462 0.000000
608550.013816 2485823.514158 0.000000
608545.013824 2485823.922853 0.000000
608540.013831 2485824.331549 0.000000
608535.013839 2485824.740245 0.000000
608530.013846 2485825.148941 0.000000
608525.013854 2485825.557637 0.000000
608520.013861 2485825.966332 0.000000
608515.013869 2485826.375028 0.000000
608510.013876 2485826.783724 0.000000
608505.013884 2485827.192420 0.000000
608500.013891 2485827.601116 0.000000
608495.013899 2485828.009811 0.000000
608490.013906 2485828.418507 0.000000
608485.013914 2485828.827203 0.000000
608480.013921 2485829.235899 0.000000
608475.013929 2485829.644594 0.000000
608470.013936 2485830.053290 0.000000
608465.013944 2485830.461986 0.000000
608460.013951 2485830.870682 0.000000
608455.013959 2485831.279378 0.000000
608450.013966 2485831.688073 0.000000
608445.013974 2485832.096769 0.000000
608440.013981 2485832.505465 0.000000
608435.013989 2485832.914161 0.000000
608430.013996 2485833.322857 0.000000
608425.014004 2485833.731552 0.000000
608420.014011 2485834.307310 0.000000
608415.014019 2485834.883067 0.000000
608410.014026 2485835.458825 0.000000
608405.014034 2485836.034582 0.000000
608400.014041 2485836.610340 0.000000
608395.014049 2485837.186097 0.000000
608390.014056 2485837.761855 0.000000
608385.014064 2485838.337612 0.000000
608380.014071 2485838.913370 0.000000
608375.014079 2485839.489127 0.000000
608370.014086 2485840.064885 0.000000
608365.014094 2485840.640642 0.000000
608360.014102 2485841.216399 0.000000
608355.014109 2485841.792157 0.000000
608350.014117 2485842.367914 0.000000
608345.014124 2485842.943672 0.000000
608340.014132 2485843.519429 0.000000
608335.014139 2485844.095187 0.000000
608330.014147 2485844.670944 0.000000
608325.014154 2485845.246702 0.000000
608320.014162 2485845.822459 0.000000
608315.014169 2485846.398217 0.000000
608310.014177 2485846.973974 0.000000
608305.014184 2485847.549732 0.000000
608300.014192 2485848.125489 0.000000
608295.014199 2485848.701247 0.000000
608290.014207 2485849.277004 0.000000
608285.014214 2485849.852761 0.000000
608280.014222 2485850.428519 0.000000
608275.014230 2485851.004276 0.000000
608270.014237 2485851.580034 0.000000
608265.014245 2485852.155791 0.000000
608260.014252 2485852.731549 0.000000
608255.074185 2485853.488103 0.000000
608250.134117 2485854.244657 0.000000
608245.194050 2485855.001211 0.000000
608240.253982 2485855.757764 0.000000
608235.313915 2485856.514318 0.000000
608230.373847 2485857.270872 0.000000
608225.433780 2485858.027426 0.000000
608220.493713 2485858.783980 0.000000
608215.553645 2485859.540534 0.000000
608210.613578 2485860.297088 0.000000
608205.673510 2485861.053642 0.000000
608200.733443 2485861.810196 0.000000
608195.793375 2485862.566750 0.000000
608190.853308 2485863.323304 0.000000
608185.913240 2485864.079857 0.000000
608180.973173 2485864.836411 0.000000
608176.033106 2485865.592965 0.000000
608171.093038 2485866.349519 0.000000
608166.152971 2485867.106073 0.000000
608161.212903 2485867.862627 0.000000
608156.272836 2485868.619181 0.000000
608151.332768 2485869.375735 0.000000
608146.392701 2485870.132289 0.000000
608141.452633 2485870.888843 0.000000
608136.512566 2485871.645397 0.000000
608131.572499 2485872.401951 0.000000
608126.632431 2485873.158504 0.000000
608121.692364 2485873.915058 0.000000
608116.752296 2485874.671612 0.000000
608111.812229 2485875.428166 0.000000
608106.872161 2485876.184720 0.000000
608101.932094 2485876.941274 0.000000
608096.992026 2485877.697828 0.000000
608092.051959 2485878.454382 0.000000
608087.111892 2485879.210936 0.000000
608082.171824 2485879.967490 0.000000
608077.231757 2485880.724044 0.000000
608072.291689 2485881.480597 0.000000
608067.351622 2485882.237151 0.000000
608062.411554 2485882.993705 0.000000
608057.471487 2485883.750259 0.000000
608052.531420 2485884.506813 0.000000
608047.591352 2485885.263367 0.000000
608042.651285 2485886.019921 0.000000
608037.711217 2485886.776475 0.000000
608032.771150 2485887.533029 0.000000
608027.831082 2485888.289583 0.000000
608022.891015 2485889.046137 0.000000
608017.950947 2485889.802690 0.000000
608013.010880 2485890.559244 0.000000
608008.070813 2485891.315798 0.000000
608003.130745 2485892.072352 0.000000
607998.190678 2485892.828906 0.000000
607993.250610 2485893.585460 0.000000
607988.310543 2485894.342014 0.000000
607983.370475 2485895.098568 0.000000
607978.430408 2485895.855122 0.000000
607973.490340 2485896.611676 0.000000
607968.550273 2485897.368230 0.000000
607963.610206 2485898.124784 0.000000
607958.670138 2485898.881337 0.000000
607953.730071 2485899.637891 0.000000
607948.790003 2485900.394445 0.000000
607943.849936 2485901.150999 0.000000
607938.909868 2485901.907553 0.000000
607933.969801 2485902.664107 0.000000
607929.029733 2485903.420661 0.000000
607924.089666 2485904.177215 0.000000
607919.149599 2485904.933769 0.000000
607914.209531 2485905.690323 0.000000
607909.269464 2485906.446877 0.000000
607904.329396 2485907.203430 0.000000
607899.389329 2485907.959984 0.000000
607894.449261 2485908.716538 0.000000
607889.509194 2485909.473092 0.000000
607884.569126 2485910.229646 0.000000
607879.629059 2485910.986200 0.000000
607874.688992 2485911.742754 0.000000
607869.748924 2485912.499308 0.000000
607864.808857 2485913.255862 0.000000
607859.868789 2485914.012416 0.000000
607854.928722 2485914.768970 0.000000
607849.988654 2485915.525523 0.000000
607845.048587 2485916.282077 0.000000
607840.108520 2485917.038631 0.000000
607835.168452 2485917.795185 0.000000
607830.228385 2485918.551739 0.000000
607825.288317 2485919.308293 0.000000
607820.348250 2485920.064847 0.000000
607815.408182 2485920.821401 0.000000
607810.468115 2485921.577955 0.000000
607805.528047 2485922.334509 0.000000
607800.587980 2485923.091063 0.000000
607795.647913 2485923.847617 0.000000
607790.707845 2485924.604170 0.000000
607785.767778 2485925.360724 0.000000
607780.827710 2485926.117278 0.000000
607775.887643 2485926.873832 0.000000
607770.947575 2485927.630386 0.000000
607766.007508 2485928.386940 0.000000
607761.067440 2485929.143494 0.000000
607756.127373 2485929.900048 0.000000
607751.187306 2485930.656602 0.000000
607746.247238 2485931.413156 0.000000
607741.307171 2485932.169710 0.000000
607736.367103 2485932.926263 0.000000
607731.427036 2485933.682817 0.000000
607726.486968 2485934.439371 0.000000
607721.546901 2485935.195925 0.000000
607716.606833 2485935.952479 0.000000
607711.666766 2485936.709033 0.000000
607706.726699 2485937.465587 0.000000
607701.786631 2485938.222141 0.000000
607696.846564 2485938.978695 0.000000
607691.906496 2485939.735249 0.000000
607686.966429 2485940.491803 0.000000
607682.026361 2485941.248356 0.000000
607677.086294 2485942.004910 0.000000
607672.146226 2485942.761464 0.000000
607667.206159 2485943.518018 0.000000
607662.266092 2485944.274572 0.000000
607657.326024 2485945.031126 0.000000
607652.385957 2485945.787680 0.000000
607647.445889 2485946.544234 0.000000
607642.505822 2485947.300788 0.000000
607637.565754 2485948.057342 0.000000
607632.625687 2485948.813896 0.000000
607627.685619 2485949.570450 0.000000
607622.745552 2485950.327003 0.000000
607617.805485 2485951.083557 0.000000
607612.865417 2485951.840111 0.000000
607607.925350 2485952.596665 0.000000
607602.985282 2485953.353219 0.000000
607598.045215 2485954.109773 0.000000
607593.105147 2485954.866327 0.000000
607588.165080 2485955.622881 0.000000
607583.225013 2485956.379435 0.000000
607578.284945 2485957.135989 0.000000
607573.344878 2485957.892543 0.000000
607568.404810 2485958.649096 0.000000
607563.464743 2485959.405650 0.000000
607558.524675 2485960.162204 0.000000
607553.584608 2485960.918758 0.000000
607548.644540 2485961.675312 0.000000
607543.704473 2485962.431866 0.000000
607538.764406 2485963.188420 0.000000
607533.824338 2485963.944974 0.000000
607528.884271 2485964.701528 0.000000
607523.944203 2485965.458082 0.000000
607519.004136 2485966.214636 0.000000
607514.064068 2485966.971189 0.000000
607509.124001 2485967.727743 0.000000
607504.183933 2485968.484297 0.000000
607499.243866 2485969.240851 0.000000
607494.303799 2485969.997405 0.000000
607489.363731 2485970.753959 0.000000
607484.423664 2485971.510513 0.000000
607479.483596 2485972.267067 0.000000
607474.543529 2485973.023621 0.000000
607469.603461 2485973.780175 0.000000
607464.663394 2485974.536729 0.000000
607459.723326 2485975.293283 0.000000
607454.783259 2485976.049836 0.000000
607449.843192 2485976.806390 0.000000
607444.903124 2485977.562944 0.000000
607439.963057 2485978.319498 0.000000
607435.022989 2485979.076052 0.000000
607430.082922 2485979.832606 0.000000
607425.142854 2485980.589160 0.000000
607420.202787 2485981.345714 0.000000
607415.262719 2485982.102268 0.000000
607410.322652 2485982.858822 0.000000
607405.382585 2485983.615376 0.000000
607400.442517 2485984.371929 0.000000
607395.502450 2485985.128483 0.000000
607390.562382 2485985.885037 0.000000
607385.622315 2485986.641591 0.000000
607380.682247 2485987.398145 0.000000
607375.742180 2485988.154699 0.000000
607370.802113 2485988.911253 0.000000
607365.862045 2485989.667807 0.000000
607360.921978 2485990.424361 0.000000
607355.981910 2485991.180915 0.000000
607351.041843 2485991.937469 0.000000
607346.101775 2485992.694022 0.000000
607341.161708 2485993.450576 0.000000
607336.221640 2485994.207130 0.000000
607331.281573 2485994.963684 0.000000
607326.341506 2485995.720238 0.000000
607321.401438 2485996.476792 0.000000
607316.461371 2485997.233346 0.000000
607311.521303 2485997.989900 0.000000
607306.581236 2485998.746454 0.000000
607301.641168 2485999.503008 0.000000
607296.701101 2486000.259562 0.000000
607291.761033 2486001.016116 0.000000
607286.820966 2486001.772669 0.000000
607281.880899 2486002.529223 0.000000
607276.940831 2486003.285777 0.000000
607272.000764 2486004.042331 0.000000
607267.060696 2486004.798885 0.000000
607262.120629 2486005.555439 0.000000
607257.180561 2486006.311993 0.000000
607252.240494 2486007.068547 0.000000
607247.300426 2486007.825101 0.000000
607242.360359 2486008.581655 0.000000
607237.420292 2486009.338209 0.000000
607232.480224 2486010.094762 0.000000
607227.540157 2486010.851316 0.000000
607222.600089 2486011.607870 0.000000
607217.660022 2486012.364424 0.000000
607212.719954 2486013.120978 0.000000
607207.779887 2486013.877532 0.000000
607202.839819 2486014.634086 0.000000
607197.899752 2486015.390640 0.000000
607192.959685 2486016.147194 0.000000
607188.019617 2486016.903748 0.000000
607183.079550 2486017.660302 0.000000
607178.139482 2486018.416856 0.000000
607173.199415 2486019.173409 0.000000
607168.259347 2486019.929963 0.000000
607163.319280 2486020.686517 0.000000
607158.379212 2486021.443071 0.000000
607153.439145 2486022.199625 0.000000
607148.499078 2486022.956179 0.000000
607143.559010 2486023.712733 0.000000
607138.618943 2486024.469287 0.000000
607133.678875 2486025.225841 0.000000
607128.738808 2486025.982395 0.000000
607123.798740 2486026.738949 0.000000
607118.858673 2486027.495502 0.000000
607113.918606 2486028.252056 0.000000
607108.978538 2486029.008610 0.000000
607104.038471 2486029.765164 0.000000
607099.098403 2486030.521718 0.000000
607094.158336 2486031.278272 0.000000
607089.218268 2486032.034826 0.000000
607084.278201 2486032.791380 0.000000
607079.338133 2486033.547934 0.000000
607074.398066 2486034.304488 0.000000
607069.457999 2486035.061042 0.000000
607064.517931 2486035.817595 0.000000
607059.577864 2486036.574149 0.000000
607054.637796 2486037.330703 0.000000
607049.697729 2486038.087257 0.000000
607044.757661 2486038.843811 0.000000
607039.817594 2486039.600365 0.000000
607034.877526 2486040.356919 0.000000
607029.937459 2486041.113473 0.000000
607024.997392 2486041.870027 0.000000
607020.057324 2486042.626581 0.000000
607015.117257 2486043.383135 0.000000
607010.177189 2486044.139689 0.000000
607005.237122 2486044.896242 0.000000
607000.297054 2486045.652796 0.000000
606995.356987 2486046.409350 0.000000
606990.416919 2486047.165904 0.000000
606985.476852 2486047.922458 0.000000
606980.536785 2486048.679012 0.000000
606975.596717 2486049.435566 0.000000
606970.656650 2486050.192120 0.000000
606965.716582 2486050.948674 0.000000
606960.776515 2486051.705228 0.000000
606955.836447 2486052.461782 0.000000
606950.896380 2486053.218335 0.000000
606945.956312 2486053.974889 0.000000
606941.016245 2486054.731443 0.000000
606936.067535 2486055.628879 0.000000
606931.118824 2486056.526314 0.000000
606926.170114 2486057.423749 0.000000
606921.221403 2486058.321184 0.000000
606916.272693 2486059.218620 0.000000
606911.323982 2486060.116055 0.000000
606906.375272 2486061.013490 0.000000
606901.426561 2486061.910926 0.000000
606896.477851 2486062.808361 0.000000
606891.529141 2486063.705796 0.000000
606886.580430 2486064.603231 0.000000
606881.631720 2486065.500667 0.000000
606876.683009 2486066.398102 0.000000
606871.734299 2486067.295537 0.000000
606866.785588 2486068.192973 0.000000
606861.836878 2486069.090408 0.000000
606856.888167 2486069.987843 0.000000
606851.939457 2486070.885278 0.000000
606846.990746 2486071.782714 0.000000
606842.042036 2486072.680149 0.000000
606837.093326 2486073.577584 0.000000
606832.144615 2486074.475020 0.000000
606827.195905 2486075.372455 0.000000
606822.247194 2486076.269890 0.000000
606817.298484 2486077.167325 0.000000
606812.349773 2486078.064761 0.000000
606807.401063 2486078.962196 0.000000
606802.452352 2486079.859631 0.000000
606797.503642 2486080.757067 0.000000
606792.554931 2486081.654502 0.000000
606787.606221 2486082.551937 0.000000
606782.657511 2486083.449372 0.000000
606777.708800 2486084.346808 0.000000
606772.760090 2486085.244243 0.000000
606767.811379 2486086.141678 0.000000
606762.862669 2486087.039114 0.000000
606757.913958 2486087.936549 0.000000
606752.965248 2486088.833984 0.000000
606748.016537 2486089.731419 0.000000
606743.052473 2486090.491898 0.000000
606738.088409 2486091.252377 0.000000
606733.124344 2486092.012855 0.000000
606728.160280 2486092.773334 0.000000
606723.196216 2486093.533813 0.000000
606718.232151 2486094.294291 0.000000
606713.268087 2486095.054770 0.000000
606708.304023 2486095.815249 0.000000
606703.339958 2486096.575727 0.000000
606698.375894 2486097.336206 0.000000
606693.411829 2486098.096684 0.000000
606688.447765 2486098.857163 0.000000
606683.483701 2486099.617642 0.000000
606678.519636 2486100.378120 0.000000
606673.555572 2486101.138599 0.000000
606668.591508 2486101.899078 0.000000
606663.627443 2486102.659556 0.000000
606658.663379 2486103.420035 0.000000
606653.699315 2486104.180514 0.000000
606648.735250 2486104.940992 0.000000
606643.771186 2486105.701471 0.000000
606638.807122 2486106.461949 0.000000
606633.843057 2486107.222428 0.000000
606628.878993 2486107.982907 0.000000
606623.914928 2486108.743385 0.000000
606618.950864 2486109.503864 0.000000
606613.986800 2486110.264343 0.000000
606609.022735 2486111.024821 0.000000
606604.058671 2486111.785300 0.000000
606599.094607 2486112.545779 0.000000
606594.130542 2486113.306257 0.000000
606589.166478 2486114.066736 0.000000
606584.202414 2486114.827214 0.000000
606579.238349 2486115.587693 0.000000
606574.274285 2486116.348172 0.000000
606569.310221 2486117.108650 0.000000
606564.346156 2486117.869129 0.000000
606559.382092 2486118.629608 0.000000
606554.418027 2486119.390086 0.000000
606549.453963 2486120.150565 0.000000
606544.489899 2486120.911044 0.000000
606539.525834 2486121.671522 0.000000
606534.561770 2486122.432001 0.000000
606529.597706 2486123.192479 0.000000
606524.633641 2486123.952958 0.000000
606519.669577 2486124.713437 0.000000
606514.705513 2486125.473915 0.000000
606509.741448 2486126.234394 0.000000
606504.777384 2486126.994873 0.000000
606499.813320 2486127.755351 0.000000
606494.849255 2486128.515830 0.000000
606489.885191 2486129.276309 0.000000
606484.921126 2486130.036787 0.000000
606479.957062 2486130.797266 0.000000
606474.992998 2486131.557744 0.000000
606470.028933 2486132.318223 0.000000
606465.064869 2486133.078702 0.000000
606460.100805 2486133.839180 0.000000
606455.136740 2486134.599659 0.000000
606450.172676 2486135.360138 0.000000
606445.208612 2486136.120616 0.000000
606440.244547 2486136.881095 0.000000
606435.280483 2486137.641574 0.000000
606430.316419 2486138.402052 0.000000
606425.352354 2486139.162531 0.000000
606420.388290 2486139.923009 0.000000
606415.424225 2486140.683488 0.000000
606410.460161 2486141.443967 0.000000
606405.496097 2486142.204445 0.000000
606400.532032 2486142.964924 0.000000
606395.567968 2486143.725403 0.000000
606390.603904 2486144.485881 0.000000
606385.639839 2486145.246360 0.000000
606380.675775 2486146.006839 0.000000
606375.711711 2486146.767317 0.000000
606370.747646 2486147.527796 0.000000
606365.783582 2486148.288274 0.000000
606360.819518 2486149.048753 0.000000
606355.855453 2486149.809232 0.000000
606350.891389 2486150.569710 0.000000
606345.927324 2486151.330189 0.000000
606340.963260 2486152.090668 0.000000
606335.999196 2486152.851146 0.000000
606331.035131 2486153.611625 0.000000
606326.071067 2486154.372104 0.000000
606321.107003 2486155.132582 0.000000
606316.142938 2486155.893061 0.000000
606311.178874 2486156.653539 0.000000
606306.214810 2486157.414018 0.000000
606301.250745 2486158.174497 0.000000
606296.286681 2486158.934975 0.000000
606291.322617 2486159.695454 0.000000
606286.358552 2486160.455933 0.000000
606281.394488 2486161.216411 0.000000
606276.430423 2486161.976890 0.000000
606271.466359 2486162.737369 0.000000
606266.502295 2486163.497847 0.000000
606261.538230 2486164.258326 0.000000
606256.574166 2486165.018804 0.000000
606251.610102 2486165.779283 0.000000
606246.646037 2486166.539762 0.000000
606241.681973 2486167.300240 0.000000
606236.717909 2486168.060719 0.000000
606231.753844 2486168.821198 0.000000
606226.789780 2486169.581676 0.000000
606221.825716 2486170.342155 0.000000
606216.861651 2486171.102633 0.000000
606211.897587 2486171.863112 0.000000
606206.933522 2486172.623591 0.000000
606201.969458 2486173.384069 0.000000
606197.005394 2486174.144548 0.000000
606192.041329 2486174.905027 0.000000
606187.077265 2486175.665505 0.000000
606182.113201 2486176.425984 0.000000
606177.149136 2486177.186463 0.000000
606172.185072 2486177.946941 0.000000
606167.221008 2486178.707420 0.000000
606162.256943 2486179.467898 0.000000
606157.292879 2486180.228377 0.000000
606152.328814 2486180.988856 0.000000
606147.364750 2486181.749334 0.000000
606142.400686 2486182.509813 0.000000
606137.436621 2486183.270292 0.000000
606132.472557 2486184.030770 0.000000
606127.508493 2486184.791249 0.000000
606122.544428 2486185.551728 0.000000
606117.580364 2486186.312206 0.000000
606112.616300 2486187.072685 0.000000
606107.652235 2486187.833163 0.000000
606102.688171 2486188.593642 0.000000
606097.724107 2486189.354121 0.000000
606092.760042 2486190.114599 0.000000
606087.795978 2486190.875078 0.000000
606082.831913 2486191.635557 0.000000
606077.867849 2486192.396035 0.000000
606072.903785 2486193.156514 0.000000
606067.939720 2486193.916993 0.000000
606062.975656 2486194.677471 0.000000
606058.011592 2486195.437950 0.000000
606053.047527 2486196.198428 0.000000
606048.083463 2486196.958907 0.000000
606043.119399 2486197.719386 0.000000
606038.155334 2486198.479864 0.000000
606033.191270 2486199.240343 0.000000
606028.227206 2486200.000822 0.000000
606023.263141 2486200.761300 0.000000
606018.299077 2486201.521779 0.000000
606013.335012 2486202.282258 0.000000
606008.370948 2486203.042736 0.000000
606003.406884 2486203.803215 0.000000
605998.442819 2486204.563693 0.000000
605993.478755 2486205.324172 0.000000
605988.514691 2486206.084651 0.000000
605983.550626 2486206.845129 0.000000
605978.586562 2486207.605608 0.000000
605973.622498 2486208.366087 0.000000
605968.658433 2486209.126565 0.000000
605963.694369 2486209.887044 0.000000
605958.730305 2486210.647523 0.000000
605953.766240 2486211.408001 0.000000
605948.802176 2486212.168480 0.000000
605943.838111 2486212.928958 0.000000
605938.874047 2486213.689437 0.000000
605933.909983 2486214.449916 0.000000
605928.945918 2486215.210394 0.000000
605923.981854 2486215.970873 0.000000
605919.017790 2486216.731352 0.000000
605914.046369 2486217.331351 0.000000
605909.074948 2486217.931351 0.000000
605904.103526 2486218.531351 0.000000
605899.132105 2486219.131351 0.000000
605894.160684 2486219.731351 0.000000
605889.189263 2486220.331351 0.000000
605884.217842 2486220.931350 0.000000
605879.246421 2486221.531350 0.000000
605874.275000 2486222.131350 0.000000
605869.303579 2486222.731350 0.000000
605864.332158 2486223.331350 0.000000
605859.360737 2486223.931350 0.000000
605854.389316 2486224.531349 0.000000
605849.417894 2486225.131349 0.000000
605844.446473 2486225.731349 0.000000
605839.475052 2486226.331349 0.000000
605834.503631 2486226.931349 0.000000
605829.532210 2486227.531349 0.000000
605824.560789 2486228.131348 0.000000
605819.589368 2486228.731348 0.000000
605814.617947 2486229.331348 0.000000
605809.646526 2486229.931348 0.000000
605804.675105 2486230.531348 0.000000
605799.703684 2486231.131348 0.000000
605794.732263 2486231.731347 0.000000
605789.760841 2486232.331347 0.000000
605784.789420 2486232.931347 0.000000
605779.817999 2486233.531347 0.000000
605774.846578 2486234.131347 0.000000
605769.875157 2486234.731347 0.000000
605764.903736 2486235.331346 0.000000
605759.932315 2486235.931346 0.000000
605754.960894 2486236.531346 0.000000
605749.989473 2486237.131346 0.000000
605745.018052 2486237.731346 0.000000
605740.063514 2486238.488921 0.000000
605735.108976 2486239.246496 0.000000
605730.154438 2486240.004072 0.000000
605725.199900 2486240.761647 0.000000
605720.245362 2486241.519222 0.000000
605715.290824 2486242.276798 0.000000
605710.336286 2486243.034373 0.000000
605705.381748 2486243.791949 0.000000
605700.427210 2486244.549524 0.000000
605695.472672 2486245.307099 0.000000
605690.518134 2486246.064675 0.000000
605685.563596 2486246.822250 0.000000
605680.609058 2486247.579825 0.000000
605675.654520 2486248.337401 0.000000
605670.699982 2486249.094976 0.000000
605665.745444 2486249.852551 0.000000
605660.790906 2486250.610127 0.000000
605655.836368 2486251.367702 0.000000
605650.881830 2486252.125277 0.000000
605645.927292 2486252.882853 0.000000
605640.972754 2486253.640428 0.000000
605636.018216 2486254.398003 0.000000
605631.063678 2486255.155579 0.000000
605626.109140 2486255.913154 0.000000
605621.154602 2486256.670729 0.000000
605616.200064 2486257.428305 0.000000
605611.245526 2486258.185880 0.000000
605606.290988 2486258.943456 0.000000
605601.336450 2486259.701031 0.000000
605596.381913 2486260.458606 0.000000
605591.427375 2486261.216182 0.000000
605586.472837 2486261.973757 0.000000
605581.518299 2486262.731332 0.000000
605576.563761 2486263.488908 0.000000
605571.609223 2486264.246483 0.000000
605566.654685 2486265.004058 0.000000
605561.700147 2486265.761634 0.000000
605556.745609 2486266.519209 0.000000
605551.791071 2486267.276784 0.000000
605546.836533 2486268.034360 0.000000
605541.881995 2486268.791935 0.000000
605536.927457 2486269.549510 0.000000
605531.972919 2486270.307086 0.000000
605527.018381 2486271.064661 0.000000
605522.063843 2486271.822236 0.000000
605517.109305 2486272.579812 0.000000
605512.154767 2486273.337387 0.000000
605507.200229 2486274.094963 0.000000
605502.245691 2486274.852538 0.000000
605497.291153 2486275.610113 0.000000
605492.336615 2486276.367689 0.000000
605487.382077 2486277.125264 0.000000
605482.427539 2486277.882839 0.000000
605477.473001 2486278.640415 0.000000
605472.518463 2486279.397990 0.000000
605467.563925 2486280.155565 0.000000
605462.609387 2486280.913141 0.000000
605457.654849 2486281.670716 0.000000
605452.700311 2486282.428291 0.000000
605447.745773 2486283.185867 0.000000
605442.791235 2486283.943442 0.000000
605437.836697 2486284.701017 0.000000
605432.882159 2486285.458593 0.000000
605427.927621 2486286.216168 0.000000
605422.973084 2486286.973743 0.000000
605418.018546 2486287.731319 0.000000
605413.116114 2486288.706928 0.000000
605408.213682 2486289.682537 0.000000
605403.311251 2486290.658146 0.000000
605398.408819 2486291.633755 0.000000
605393.506388 2486292.609364 0.000000
605388.603956 2486293.584973 0.000000
605383.701524 2486294.560582 0.000000
605378.799093 2486295.536191 0.000000
605373.896661 2486296.511800 0.000000
605368.994230 2486297.487409 0.000000
605364.091798 2486298.463018 0.000000
605359.189366 2486299.438627 0.000000
605354.286935 2486300.414236 0.000000
605349.384503 2486301.389845 0.000000
605344.482072 2486302.365454 0.000000
605339.579640 2486303.341063 0.000000
605334.677209 2486304.316672 0.000000
605329.774777 2486305.292281 0.000000
605324.872345 2486306.267890 0.000000
605319.969914 2486307.243499 0.000000
605315.067482 2486308.219108 0.000000
605310.165051 2486309.194717 0.000000
605305.262619 2486310.170326 0.000000
605300.360187 2486311.145935 0.000000
605295.457756 2486312.121544 0.000000
605290.555324 2486313.097153 0.000000
605285.652893 2486314.072762 0.000000
605280.750461 2486315.048371 0.000000
605275.848030 2486316.023980 0.000000
605270.945598 2486316.999589 0.000000
605266.043166 2486317.975198 0.000000
605261.140735 2486318.950807 0.000000
605256.238303 2486319.926416 0.000000
605251.335872 2486320.902025 0.000000
605246.433440 2486321.877634 0.000000
605241.531008 2486322.853243 0.000000
605236.628577 2486323.828852 0.000000
605231.726145 2486324.804461 0.000000
605226.823714 2486325.780070 0.000000
605221.921282 2486326.755679 0.000000
605217.018850 2486327.731288 0.000000
605212.048978 2486328.490324 0.000000
605207.079106 2486329.249360 0.000000
605202.109234 2486330.008395 0.000000
605197.139362 2486330.767431 0.000000
605192.169490 2486331.526467 0.000000
605187.199618 2486332.285503 0.000000
605182.229746 2486333.044538 0.000000
605177.259874 2486333.803574 0.000000
605172.290002 2486334.562610 0.000000
605167.320130 2486335.321646 0.000000
605162.350258 2486336.080681 0.000000
605157.380386 2486336.839717 0.000000
605152.410514 2486337.598753 0.000000
605147.440642 2486338.357788 0.000000
605142.470770 2486339.116824 0.000000
605137.500898 2486339.875860 0.000000
605132.531026 2486340.634896 0.000000
605127.561154 2486341.393931 0.000000
605122.591282 2486342.152967 0.000000
605117.621410 2486342.912003 0.000000
605112.651538 2486343.671039 0.000000
605107.681666 2486344.430074 0.000000
605102.711794 2486345.189110 0.000000
605097.741922 2486345.948146 0.000000
605092.772050 2486346.707182 0.000000
605087.802178 2486347.466217 0.000000
605082.832306 2486348.225253 0.000000
605077.862434 2486348.984289 0.000000
605072.892562 2486349.743324 0.000000
605067.922690 2486350.502360 0.000000
605062.952818 2486351.261396 0.000000
605057.982946 2486352.020432 0.000000
605053.013074 2486352.779467 0.000000
605048.043202 2486353.538503 0.000000
605043.073330 2486354.297539 0.000000
605038.103458 2486355.056575 0.000000
605033.133586 2486355.815610 0.000000
605028.163714 2486356.574646 0.000000
605023.193842 2486357.333682 0.000000
605018.223970 2486358.092718 0.000000
605013.254098 2486358.851753 0.000000
605008.284226 2486359.610789 0.000000
605003.314354 2486360.369825 0.000000
604998.344482 2486361.128860 0.000000
604993.374610 2486361.887896 0.000000
604988.404738 2486362.646932 0.000000
604983.434866 2486363.405968 0.000000
604978.464994 2486364.165003 0.000000
604973.495122 2486364.924039 0.000000
604968.525250 2486365.683075 0.000000
604963.555378 2486366.442111 0.000000
604958.585506 2486367.201146 0.000000
604953.615634 2486367.960182 0.000000
604948.645762 2486368.719218 0.000000
604943.675890 2486369.478253 0.000000
604938.706018 2486370.237289 0.000000
604933.736146 2486370.996325 0.000000
604928.766274 2486371.755361 0.000000
604923.796402 2486372.514396 0.000000
604918.826530 2486373.273432 0.000000
604913.856658 2486374.032468 0.000000
604908.886786 2486374.791504 0.000000
604903.916914 2486375.550539 0.000000
604898.947042 2486376.309575 0.000000
604893.977170 2486377.068611 0.000000
604889.007298 2486377.827647 0.000000
604884.037426 2486378.586682 0.000000
604879.067554 2486379.345718 0.000000
604874.097682 2486380.104754 0.000000
604869.127810 2486380.863789 0.000000
604864.157938 2486381.622825 0.000000
604859.188065 2486382.381861 0.000000
604854.218193 2486383.140897 0.000000
604849.248321 2486383.899932 0.000000
604844.278449 2486384.658968 0.000000
604839.308577 2486385.418004 0.000000
604834.338705 2486386.177040 0.000000
604829.368833 2486386.936075 0.000000
604824.398961 2486387.695111 0.000000
604819.429089 2486388.454147 0.000000
604814.459217 2486389.213182 0.000000
604809.489345 2486389.972218 0.000000
604804.519473 2486390.731254 0.000000
604799.549601 2486391.490290 0.000000
604794.579729 2486392.249325 0.000000
604789.609857 2486393.008361 0.000000
604784.639985 2486393.767397 0.000000
604779.670113 2486394.526433 0.000000
604774.700241 2486395.285468 0.000000
604769.730369 2486396.044504 0.000000
604764.760497 2486396.803540 0.000000
604759.790625 2486397.562576 0.000000
604754.820753 2486398.321611 0.000000
604749.850881 2486399.080647 0.000000
604744.881009 2486399.839683 0.000000
604739.911137 2486400.598718 0.000000
604734.941265 2486401.357754 0.000000
604729.971393 2486402.116790 0.000000
604725.001521 2486402.875826 0.000000
604720.031649 2486403.634861 0.000000
604715.061777 2486404.393897 0.000000
604710.091905 2486405.152933 0.000000
604705.122033 2486405.911969 0.000000
604700.152161 2486406.671004 0.000000
604695.182289 2486407.430040 0.000000
604690.212417 2486408.189076 0.000000
604685.242545 2486408.948111 0.000000
604680.272673 2486409.707147 0.000000
604675.302801 2486410.466183 0.000000
604670.332929 2486411.225219 0.000000
604665.363057 2486411.984254 0.000000
604660.393185 2486412.743290 0.000000
604655.423313 2486413.502326 0.000000
604650.453441 2486414.261362 0.000000
604645.483569 2486415.020397 0.000000
604640.513697 2486415.779433 0.000000
604635.543825 2486416.538469 0.000000
604630.573953 2486417.297505 0.000000
604625.604081 2486418.056540 0.000000
604620.634209 2486418.815576 0.000000
604615.664337 2486419.574612 0.000000
604610.694465 2486420.333647 0.000000
604605.724593 2486421.092683 0.000000
604600.754721 2486421.851719 0.000000
604595.784849 2486422.610755 0.000000
604590.814977 2486423.369790 0.000000
604585.845105 2486424.128826 0.000000
604580.875233 2486424.887862 0.000000
604575.905361 2486425.646898 0.000000
604570.935489 2486426.405933 0.000000
604565.965617 2486427.164969 0.000000
604560.995745 2486427.924005 0.000000
604556.025873 2486428.683040 0.000000
604551.056001 2486429.442076 0.000000
604546.086129 2486430.201112 0.000000
604541.116257 2486430.960148 0.000000
604536.146385 2486431.719183 0.000000
604531.176513 2486432.478219 0.000000
604526.206641 2486433.237255 0.000000
604521.236769 2486433.996291 0.000000
604516.266897 2486434.755326 0.000000
604511.297025 2486435.514362 0.000000
604506.327153 2486436.273398 0.000000
604501.357281 2486437.032434 0.000000
604496.387409 2486437.791469 0.000000
604491.417537 2486438.550505 0.000000
604486.447664 2486439.309541 0.000000
604481.477792 2486440.068576 0.000000
604476.507920 2486440.827612 0.000000
604471.538048 2486441.586648 0.000000
604466.568176 2486442.345684 0.000000
604461.598304 2486443.104719 0.000000
604456.628432 2486443.863755 0.000000
604451.658560 2486444.622791 0.000000
604446.688688 2486445.381827 0.000000
604441.718816 2486446.140862 0.000000
604436.748944 2486446.899898 0.000000
604431.779072 2486447.658934 0.000000
604426.809200 2486448.417969 0.000000
604421.839328 2486449.177005 0.000000
604416.869456 2486449.936041 0.000000
604411.899584 2486450.695077 0.000000
604406.929712 2486451.454112 0.000000
604401.959840 2486452.213148 0.000000
604396.989968 2486452.972184 0.000000
604392.020096 2486453.731220 0.000000
604387.020104 2486454.245505 0.000000
604382.020111 2486454.759791 0.000000
604377.020119 2486455.274077 0.000000
604372.020126 2486455.788362 0.000000
604367.020134 2486456.302648 0.000000
604362.020141 2486456.816934 0.000000
604357.020149 2486457.331219 0.000000
604352.020156 2486457.845505 0.000000
604347.020164 2486458.359791 0.000000
604342.020171 2486458.874076 0.000000
604337.020179 2486459.388362 0.000000
604332.020186 2486459.902648 0.000000
604327.020194 2486460.416933 0.000000
604322.020201 2486460.931219 0.000000
604317.020209 2486461.445505 0.000000
604312.020216 2486461.959790 0.000000
604307.020224 2486462.474076 0.000000
604302.020231 2486462.988362 0.000000
604297.020239 2486463.502647 0.000000
604292.020247 2486464.016933 0.000000
604287.020254 2486464.531219 0.000000
604282.020262 2486465.045504 0.000000
604277.020269 2486465.559790 0.000000
604272.020277 2486466.074076 0.000000
604267.020284 2486466.588361 0.000000
604262.020292 2486467.102647 0.000000
604257.020299 2486467.616933 0.000000
604252.020307 2486468.131218 0.000000
604247.020314 2486468.645504 0.000000
604242.020322 2486469.159790 0.000000
604237.020329 2486469.674075 0.000000
604232.020337 2486470.188361 0.000000
604227.020344 2486470.702647 0.000000
604222.020352 2486471.216932 0.000000
604217.020359 2486471.731218 0.000000
604212.080367 2486472.491218 0.000000
604207.140374 2486473.251217 0.000000
604202.200382 2486474.011217 0.000000
604197.260389 2486474.771216 0.000000
604192.320396 2486475.531216 0.000000
604187.380404 2486476.291215 0.000000
604182.440411 2486477.051215 0.000000
604177.500419 2486477.811215 0.000000
604172.560426 2486478.571214 0.000000
604167.620434 2486479.331214 0.000000
604162.680441 2486480.091213 0.000000
604157.740449 2486480.851213 0.000000
604152.800456 2486481.611212 0.000000
604147.860464 2486482.371212 0.000000
604142.920471 2486483.131212 0.000000
604137.980479 2486483.891211 0.000000
604133.040486 2486484.651211 0.000000
604128.100493 2486485.411210 0.000000
604123.160501 2486486.171210 0.000000
604118.220508 2486486.931209 0.000000
604113.280516 2486487.691209 0.000000
604108.340523 2486488.451209 0.000000
604103.400531 2486489.211208 0.000000
604098.460538 2486489.971208 0.000000
604093.520546 2486490.731207 0.000000
604088.580553 2486491.491207 0.000000
604083.640561 2486492.251206 0.000000
604078.700568 2486493.011206 0.000000
604073.760576 2486493.771206 0.000000
604068.820583 2486494.531205 0.000000
604063.880590 2486495.291205 0.000000
604058.940598 2486496.051204 0.000000
604054.000605 2486496.811204 0.000000
604049.060613 2486497.571203 0.000000
604044.120620 2486498.331203 0.000000
604039.180628 2486499.091203 0.000000
604034.240635 2486499.851202 0.000000
604029.300643 2486500.611202 0.000000
604024.360650 2486501.371201 0.000000
604019.420658 2486502.131201 0.000000
604014.480665 2486502.891200 0.000000
604009.540672 2486503.651200 0.000000
604004.600680 2486504.411200 0.000000
603999.660687 2486505.171199 0.000000
603994.720695 2486505.931199 0.000000
603989.780702 2486506.691198 0.000000
603984.840710 2486507.451198 0.000000
603979.900717 2486508.211197 0.000000
603974.960725 2486508.971197 0.000000
603970.020732 2486509.731197 0.000000
603965.080740 2486510.491196 0.000000
603960.140747 2486511.251196 0.000000
603955.200755 2486512.011195 0.000000
603950.260762 2486512.771195 0.000000
603945.320769 2486513.531195 0.000000
603940.380777 2486514.291194 0.000000
603935.440784 2486515.051194 0.000000
603930.500792 2486515.811193 0.000000
603925.560799 2486516.571193 0.000000
603920.620807 2486517.331192 0.000000
603915.680814 2486518.091192 0.000000
603910.740822 2486518.851192 0.000000
603905.800829 2486519.611191 0.000000
603900.860837 2486520.371191 0.000000
603895.920844 2486521.131190 0.000000
603890.980851 2486521.891190 0.000000
603886.040859 2486522.651189 0.000000
603881.100866 2486523.411189 0.000000
603876.160874 2486524.171189 0.000000
603871.220881 2486524.931188 0.000000
603866.280889 2486525.691188 0.000000
603861.340896 2486526.451187 0.000000
603856.400904 2486527.211187 0.000000
603851.460911 2486527.971186 0.000000
603846.520919 2486528.731186 0.000000
603841.580926 2486529.491186 0.000000
603836.640934 2486530.251185 0.000000
603831.700941 2486531.011185 0.000000
603826.760948 2486531.771184 0.000000
603821.820956 2486532.531184 0.000000
603816.880963 2486533.291183 0.000000
603811.940971 2486534.051183 0.000000
603807.000978 2486534.811183 0.000000
603802.060986 2486535.571182 0.000000
603797.120993 2486536.331182 0.000000
603792.181001 2486537.091181 0.000000
603787.241008 2486537.851181 0.000000
603782.301016 2486538.611180 0.000000
603777.361023 2486539.371180 0.000000
603772.421031 2486540.131180 0.000000
603767.481038 2486540.891179 0.000000
603762.541045 2486541.651179 0.000000
603757.601053 2486542.411178 0.000000
603752.661060 2486543.171178 0.000000
603747.721068 2486543.931177 0.000000
603742.781075 2486544.691177 0.000000
603737.841083 2486545.451177 0.000000
603732.901090 2486546.211176 0.000000
603727.961098 2486546.971176 0.000000
603723.021105 2486547.731175 0.000000
603718.081113 2486548.491175 0.000000
603713.141120 2486549.251174 0.000000
603708.201127 2486550.011174 0.000000
603703.261135 2486550.771174 0.000000
603698.321142 2486551.531173 0.000000
603693.381150 2486552.291173 0.000000
603688.441157 2486553.051172 0.000000
603683.501165 2486553.811172 0.000000
603678.561172 2486554.571171 0.000000
603673.621180 2486555.331171 0.000000
603668.681187 2486556.091171 0.000000
603663.741195 2486556.851170 0.000000
603658.801202 2486557.611170 0.000000
603653.861210 2486558.371169 0.000000
603648.921217 2486559.131169 0.000000
603643.981224 2486559.891169 0.000000
603639.041232 2486560.651168 0.000000
603634.101239 2486561.411168 0.000000
603629.161247 2486562.171167 0.000000
603624.221254 2486562.931167 0.000000
603619.281262 2486563.691166 0.000000
603614.341269 2486564.451166 0.000000
603609.401277 2486565.211166 0.000000
603604.461284 2486565.971165 0.000000
603599.521292 2486566.731165 0.000000
603594.581299 2486567.491164 0.000000
603589.641306 2486568.251164 0.000000
603584.701314 2486569.011163 0.000000
603579.761321 2486569.771163 0.000000
603574.821329 2486570.531163 0.000000
603569.881336 2486571.291162 0.000000
603564.941344 2486572.051162 0.000000
603560.001351 2486572.811161 0.000000
603555.061359 2486573.571161 0.000000
603550.121366 2486574.331160 0.000000
603545.181374 2486575.091160 0.000000
603540.241381 2486575.851160 0.000000
603535.301389 2486576.611159 0.000000
603530.361396 2486577.371159 0.000000
603525.421403 2486578.131158 0.000000
603520.481411 2486578.891158 0.000000
603515.541418 2486579.651157 0.000000
603510.601426 2486580.411157 0.000000
603505.661433 2486581.171157 0.000000
603500.721441 2486581.931156 0.000000
603495.781448 2486582.691156 0.000000
603490.841456 2486583.451155 0.000000
603485.901463 2486584.211155 0.000000
603480.961471 2486584.971154 0.000000
603476.021478 2486585.731154 0.000000
603471.039667 2486586.403881 0.000000
603466.057857 2486587.076608 0.000000
603461.076046 2486587.749335 0.000000
603456.094235 2486588.422062 0.000000
603451.112425 2486589.094789 0.000000
603446.130614 2486589.767516 0.000000
603441.148803 2486590.440243 0.000000
603436.166993 2486591.112970 0.000000
603431.185182 2486591.785697 0.000000
603426.203371 2486592.458424 0.000000
603421.221561 2486593.131151 0.000000
603416.239750 2486593.803878 0.000000
603411.257939 2486594.476605 0.000000
603406.276129 2486595.149332 0.000000
603401.294318 2486595.822059 0.000000
603396.312507 2486596.494786 0.000000
603391.330697 2486597.167513 0.000000
603386.348886 2486597.840240 0.000000
603381.367075 2486598.512967 0.000000
603376.385265 2486599.185694 0.000000
603371.403454 2486599.858421 0.000000
603366.421643 2486600.531148 0.000000
603361.439833 2486601.203875 0.000000
603356.458022 2486601.876602 0.000000
603351.476211 2486602.549329 0.000000
603346.494401 2486603.222055 0.000000
603341.512590 2486603.894782 0.000000
603336.530779 2486604.567509 0.000000
603331.548969 2486605.240236 0.000000
603326.567158 2486605.912963 0.000000
603321.585347 2486606.585690 0.000000
603316.603536 2486607.258417 0.000000
603311.621726 2486607.931144 0.000000
603306.639915 2486608.603871 0.000000
603301.658104 2486609.276598 0.000000
603296.676294 2486609.949325 0.000000
603291.694483 2486610.622052 0.000000
603286.712672 2486611.294779 0.000000
603281.730862 2486611.967506 0.000000
603276.749051 2486612.640233 0.000000
603271.767240 2486613.312960 0.000000
603266.785430 2486613.985687 0.000000
603261.803619 2486614.658414 0.000000
603256.821808 2486615.331141 0.000000
603251.839998 2486616.003868 0.000000
603246.858187 2486616.676595 0.000000
603241.876376 2486617.349322 0.000000
603236.894566 2486618.022049 0.000000
603231.912755 2486618.694776 0.000000
603226.930944 2486619.367503 0.000000
603221.949134 2486620.040230 0.000000
603216.967323 2486620.712957 0.000000
603211.985512 2486621.385684 0.000000
603207.003702 2486622.058411 0.000000
603202.021891 2486622.731138 0.000000
603197.047705 2486623.485976 0.000000
603192.073519 2486624.240814 0.000000
603187.099333 2486624.995653 0.000000
603182.125147 2486625.750491 0.000000
603177.150961 2486626.505329 0.000000
603172.176775 2486627.260168 0.000000
603167.202589 2486628.015006 0.000000
603162.228403 2486628.769844 0.000000
603157.254217 2486629.524683 0.000000
603152.280031 2486630.279521 0.000000
603147.305845 2486631.034359 0.000000
603142.331659 2486631.789197 0.000000
603137.357472 2486632.544036 0.000000
603132.383286 2486633.298874 0.000000
603127.409100 2486634.053712 0.000000
603122.434914 2486634.808551 0.000000
603117.460728 2486635.563389 0.000000
603112.486542 2486636.318227 0.000000
603107.512356 2486637.073065 0.000000
603102.538170 2486637.827904 0.000000
603097.563984 2486638.582742 0.000000
603092.589798 2486639.337580 0.000000
603087.615612 2486640.092419 0.000000
603082.641426 2486640.847257 0.000000
603077.667240 2486641.602095 0.000000
603072.693054 2486642.356933 0.000000
603067.718868 2486643.111772 0.000000
603062.744682 2486643.866610 0.000000
603057.770496 2486644.621448 0.000000
603052.796310 2486645.376287 0.000000
603047.822124 2486646.131125 0.000000
603042.847938 2486646.885963 0.000000
603037.873752 2486647.640801 0.000000
603032.899566 2486648.395640 0.000000
603027.925380 2486649.150478 0.000000
603022.951194 2486649.905316 0.000000
603017.977007 2486650.660155 0.000000
603013.002821 2486651.414993 0.000000
603008.028635 2486652.169831 0.000000
603003.054449 2486652.924669 0.000000
602998.080263 2486653.679508 0.000000
602993.106077 2486654.434346 0.000000
602988.131891 2486655.189184 0.000000
602983.157705 2486655.944023 0.000000
602978.183519 2486656.698861 0.000000
602973.209333 2486657.453699 0.000000
602968.235147 2486658.208537 0.000000
602963.260961 2486658.963376 0.000000
602958.286775 2486659.718214 0.000000
602953.312589 2486660.473052 0.000000
602948.338403 2486661.227891 0.000000
602943.364217 2486661.982729 0.000000
602938.390031 2486662.737567 0.000000
602933.415845 2486663.492406 0.000000
602928.441659 2486664.247244 0.000000
602923.467473 2486665.002082 0.000000
602918.493287 2486665.756920 0.000000
602913.519101 2486666.511759 0.000000
602908.544915 2486667.266597 0.000000
602903.570729 2486668.021435 0.000000
602898.596543 2486668.776274 0.000000
602893.622356 2486669.531112 0.000000
602888.648170 2486670.285950 0.000000
602883.673984 2486671.040788 0.000000
602878.699798 2486671.795627 0.000000
602873.725612 2486672.550465 0.000000
602868.751426 2486673.305303 0.000000
602863.777240 2486674.060142 0.000000
602858.803054 2486674.814980 0.000000
602853.828868 2486675.569818 0.000000
602848.854682 2486676.324656 0.000000
602843.880496 2486677.079495 0.000000
602838.906310 2486677.834333 0.000000
602833.932124 2486678.589171 0.000000
602828.957938 2486679.344010 0.000000
602823.983752 2486680.098848 0.000000
602819.009566 2486680.853686 0.000000
602814.035380 2486681.608524 0.000000
602809.061194 2486682.363363 0.000000
602804.087008 2486683.118201 0.000000
602799.112822 2486683.873039 0.000000
602794.138636 2486684.627878 0.000000
602789.164450 2486685.382716 0.000000
602784.190264 2486686.137554 0.000000
602779.216078 2486686.892392 0.000000
602774.241891 2486687.647231 0.000000
602769.267705 2486688.402069 0.000000
602764.293519 2486689.156907 0.000000
602759.319333 2486689.911746 0.000000
602754.345147 2486690.666584 0.000000
602749.370961 2486691.421422 0.000000
602744.396775 2486692.176261 0.000000
602739.422589 2486692.931099 0.000000
602734.448403 2486693.685937 0.000000
602729.474217 2486694.440775 0.000000
602724.500031 2486695.195614 0.000000
602719.525845 2486695.950452 0.000000
602714.551659 2486696.705290 0.000000
602709.577473 2486697.460129 0.000000
602704.603287 2486698.214967 0.000000
602699.629101 2486698.969805 0.000000
602694.654915 2486699.724643 0.000000
602689.680729 2486700.479482 0.000000
602684.706543 2486701.234320 0.000000
602679.732357 2486701.989158 0.000000
602674.758171 2486702.743997 0.000000
602669.783985 2486703.498835 0.000000
602664.809799 2486704.253673 0.000000
602659.835613 2486705.008511 0.000000
602654.861427 2486705.763350 0.000000
602649.887240 2486706.518188 0.000000
602644.913054 2486707.273026 0.000000
602639.938868 2486708.027865 0.000000
602634.964682 2486708.782703 0.000000
602629.990496 2486709.537541 0.000000
602625.016310 2486710.292379 0.000000
602620.042124 2486711.047218 0.000000
602615.067938 2486711.802056 0.000000
602610.093752 2486712.556894 0.000000
602605.119566 2486713.311733 0.000000
602600.145380 2486714.066571 0.000000
602595.171194 2486714.821409 0.000000
602590.197008 2486715.576247 0.000000
602585.222822 2486716.331086 0.000000
602580.248636 2486717.085924 0.000000
602575.274450 2486717.840762 0.000000
602570.300264 2486718.595601 0.000000
602565.326078 2486719.350439 0.000000
602560.351892 2486720.105277 0.000000
602555.377706 2486720.860115 0.000000
602550.403520 2486721.614954 0.000000
602545.429334 2486722.369792 0.000000
602540.455148 2486723.124630 0.000000
602535.480962 2486723.879469 0.000000
602530.506775 2486724.634307 0.000000
602525.532589 2486725.389145 0.000000
602520.558403 2486726.143984 0.000000
602515.584217 2486726.898822 0.000000
602510.610031 2486727.653660 0.000000
602505.635845 2486728.408498 0.000000
602500.661659 2486729.163337 0.000000
602495.687473 2486729.918175 0.000000
602490.713287 2486730.673013 0.000000
602485.739101 2486731.427852 0.000000
602480.764915 2486732.182690 0.000000
602475.790729 2486732.937528 0.000000
602470.816543 2486733.692366 0.000000
602465.842357 2486734.447205 0.000000
602460.868171 2486735.202043 0.000000
602455.893985 2486735.956881 0.000000
602450.919799 2486736.711720 0.000000
602445.945613 2486737.466558 0.000000
602440.971427 2486738.221396 0.000000
602435.997241 2486738.976234 0.000000
602431.023055 2486739.731073 0.000000
602426.085562 2486740.606072 0.000000
602421.148070 2486741.481071 0.000000
602416.210577 2486742.356071 0.000000
602411.273085 2486743.231070 0.000000
602406.335592 2486744.106070 0.000000
602401.398099 2486744.981069 0.000000
602396.460607 2486745.856068 0.000000
602391.523114 2486746.731068 0.000000
602386.585622 2486747.606067 0.000000
602381.648129 2486748.481067 0.000000
602376.710637 2486749.356066 0.000000
602371.773144 2486750.231065 0.000000
602366.835652 2486751.106065 0.000000
602361.898159 2486751.981064 0.000000
602356.960667 2486752.856064 0.000000
602352.023174 2486753.731063 0.000000
602347.085682 2486754.606062 0.000000
602342.148189 2486755.481062 0.000000
602337.210697 2486756.356061 0.000000
602332.273204 2486757.231061 0.000000
602327.335712 2486758.106060 0.000000
602322.398219 2486758.981059 0.000000
602317.460726 2486759.856059 0.000000
602312.523234 2486760.731058 0.000000
602307.585741 2486761.606057 0.000000
602302.648249 2486762.481057 0.000000
602297.710756 2486763.356056 0.000000
602292.773264 2486764.231056 0.000000
602287.835771 2486765.106055 0.000000
602282.898279 2486765.981054 0.000000
602277.960786 2486766.856054 0.000000
602273.023294 2486767.731053 0.000000
602268.042532 2486768.250284 0.000000
602263.061770 2486768.769515 0.000000
602258.081008 2486769.288745 0.000000
602253.100247 2486769.807976 0.000000
602248.119485 2486770.327207 0.000000
602243.138723 2486770.846437 0.000000
602238.157961 2486771.365668 0.000000
602233.177200 2486771.884899 0.000000
602228.196438 2486772.404130 0.000000
602223.215676 2486772.923360 0.000000
602218.234914 2486773.442591 0.000000
602213.254153 2486773.961822 0.000000
602208.273391 2486774.481052 0.000000
602203.292629 2486775.000283 0.000000
602198.311867 2486775.519514 0.000000
602193.331106 2486776.038744 0.000000
602188.350344 2486776.557975 0.000000
602183.369582 2486777.077206 0.000000
602178.388820 2486777.596436 0.000000
602173.408059 2486778.115667 0.000000
602168.427297 2486778.634898 0.000000
602163.446535 2486779.154129 0.000000
602158.465773 2486779.673359 0.000000
602153.485012 2486780.192590 0.000000
602148.504250 2486780.711821 0.000000
602143.523488 2486781.231051 0.000000
602138.542727 2486781.750282 0.000000
602133.561965 2486782.269513 0.000000
602128.581203 2486782.788743 0.000000
602123.600441 2486783.307974 0.000000
602118.619680 2486783.827205 0.000000
602113.638918 2486784.346436 0.000000
602108.658156 2486784.865666 0.000000
602103.677394 2486785.384897 0.000000
602098.696633 2486785.904128 0.000000
602093.715871 2486786.423358 0.000000
602088.735109 2486786.942589 0.000000
602083.754347 2486787.461820 0.000000
602078.773586 2486787.981050 0.000000
602073.792824 2486788.500281 0.000000
602068.812062 2486789.019512 0.000000
602063.831300 2486789.538743 0.000000
602058.850539 2486790.057973 0.000000
602053.869777 2486790.577204 0.000000
602048.889015 2486791.096435 0.000000
602043.908253 2486791.615665 0.000000
602038.927492 2486792.134896 0.000000
602033.946730 2486792.654127 0.000000
602028.965968 2486793.173357 0.000000
602023.985206 2486793.692588 0.000000
602019.004445 2486794.211819 0.000000
602014.023683 2486794.731049 0.000000
602009.055948 2486795.489114 0.000000
602004.088214 2486796.247178 0.000000
601999.120479 2486797.005242 0.000000
601994.152745 2486797.763306 0.000000
601989.185011 2486798.521370 0.000000
601984.217276 2486799.279434 0.000000
601979.249542 2486800.037498 0.000000
601974.281807 2486800.795562 0.000000
601969.314073 2486801.553626 0.000000
601964.346338 2486802.311690 0.000000
601959.378604 2486803.069754 0.000000
601954.410870 2486803.827818 0.000000
601949.443135 2486804.585883 0.000000
601944.475401 2486805.343947 0.000000
601939.507666 2486806.102011 0.000000
601934.539932 2486806.860075 0.000000
601929.572197 2486807.618139 0.000000
601924.604463 2486808.376203 0.000000
601919.636728 2486809.134267 0.000000
601914.668994 2486809.892331 0.000000
601909.701260 2486810.650395 0.000000
601904.733525 2486811.408459 0.000000
601899.765791 2486812.166523 0.000000
601894.798056 2486812.924587 0.000000
601889.830322 2486813.682652 0.000000
601884.862587 2486814.440716 0.000000
601879.894853 2486815.198780 0.000000
601874.927119 2486815.956844 0.000000
601869.959384 2486816.714908 0.000000
601864.991650 2486817.472972 0.000000
601860.023915 2486818.231036 0.000000
601855.056181 2486818.989100 0.000000
601850.088446 2486819.747164 0.000000
601845.120712 2486820.505228 0.000000
601840.152977 2486821.263292 0.000000
601835.185243 2486822.021356 0.000000
601830.217509 2486822.779421 0.000000
601825.249774 2486823.537485 0.000000
601820.282040 2486824.295549 0.000000
601815.314305 2486825.053613 0.000000
601810.346571 2486825.811677 0.000000
601805.378836 2486826.569741 0.000000
601800.411102 2486827.327805 0.000000
601795.443368 2486828.085869 0.000000
601790.475633 2486828.843933 0.000000
601785.507899 2486829.601997 0.000000
601780.540164 2486830.360061 0.000000
601775.572430 2486831.118125 0.000000
601770.604695 2486831.876190 0.000000
601765.636961 2486832.634254 0.000000
601760.669226 2486833.392318 0.000000
601755.701492 2486834.150382 0.000000
601750.733758 2486834.908446 0.000000
601745.766023 2486835.666510 0.000000
601740.798289 2486836.424574 0.000000
601735.830554 2486837.182638 0.000000
601730.862820 2486837.940702 0.000000
601725.895085 2486838.698766 0.000000
601720.927351 2486839.456830 0.000000
601715.959616 2486840.214894 0.000000
601710.991882 2486840.972959 0.000000
601706.024148 2486841.731023 0.000000
601701.056413 2486842.489087 0.000000
601696.088679 2486843.247151 0.000000
601691.120944 2486844.005215 0.000000
601686.153210 2486844.763279 0.000000
601681.185475 2486845.521343 0.000000
601676.217741 2486846.279407 0.000000
601671.250007 2486847.037471 0.000000
601666.282272 2486847.795535 0.000000
601661.314538 2486848.553599 0.000000
601656.346803 2486849.311663 0.000000
601651.379069 2486850.069727 0.000000
601646.411334 2486850.827792 0.000000
601641.443600 2486851.585856 0.000000
601636.475865 2486852.343920 0.000000
601631.508131 2486853.101984 0.000000
601626.540397 2486853.860048 0.000000
601621.572662 2486854.618112 0.000000
601616.604928 2486855.376176 0.000000
601611.637193 2486856.134240 0.000000
601606.669459 2486856.892304 0.000000
601601.701724 2486857.650368 0.000000
601596.733990 2486858.408432 0.000000
601591.766256 2486859.166496 0.000000
601586.798521 2486859.924561 0.000000
601581.830787 2486860.682625 0.000000
601576.863052 2486861.440689 0.000000
601571.895318 2486862.198753 0.000000
601566.927583 2486862.956817 0.000000
601561.959849 2486863.714881 0.000000
601556.992114 2486864.472945 0.000000
601552.024380 2486865.231009 0.000000
601547.056646 2486865.989073 0.000000
601542.088911 2486866.747137 0.000000
601537.121177 2486867.505201 0.000000
601532.153442 2486868.263265 0.000000
601527.185708 2486869.021330 0.000000
601522.217973 2486869.779394 0.000000
601517.250239 2486870.537458 0.000000
601512.282505 2486871.295522 0.000000
601507.314770 2486872.053586 0.000000
601502.347036 2486872.811650 0.000000
601497.379301 2486873.569714 0.000000
601492.411567 2486874.327778 0.000000
601487.443832 2486875.085842 0.000000
601482.476098 2486875.843906 0.000000
601477.508363 2486876.601970 0.000000
601472.540629 2486877.360034 0.000000
601467.572895 2486878.118099 0.000000
601462.605160 2486878.876163 0.000000
601457.637426 2486879.634227 0.000000
601452.669691 2486880.392291 0.000000
601447.701957 2486881.150355 0.000000
601442.734222 2486881.908419 0.000000
601437.766488 2486882.666483 0.000000
601432.798753 2486883.424547 0.000000
601427.831019 2486884.182611 0.000000
601422.863285 2486884.940675 0.000000
601417.895550 2486885.698739 0.000000
601412.927816 2486886.456803 0.000000
601407.960081 2486887.214868 0.000000
601402.992347 2486887.972932 0.000000
601398.024612 2486888.730996 0.000000
601393.024620 2486889.378054 0.000000
601388.024627 2486890.025113 0.000000
601383.024635 2486890.672171 0.000000
601378.024643 2486891.319230 0.000000
601373.024650 2486891.966288 0.000000
601368.024658 2486892.613347 0.000000
601363.024665 2486893.260406 0.000000
601358.024673 2486893.907464 0.000000
601353.024680 2486894.554523 0.000000
601348.024688 2486895.201581 0.000000
601343.024695 2486895.848640 0.000000
601338.024703 2486896.495698 0.000000
601333.024710 2486897.142757 0.000000
601328.024718 2486897.789815 0.000000
601323.024725 2486898.436874 0.000000
601318.024733 2486899.083933 0.000000
601313.024740 2486899.730991 0.000000
601308.024748 2486900.378050 0.000000
601303.024755 2486901.025108 0.000000
601298.024763 2486901.672167 0.000000
601293.024771 2486902.319225 0.000000
601288.024778 2486902.966284 0.000000
601283.024786 2486903.613342 0.000000
601278.024793 2486904.260401 0.000000
601273.024801 2486904.907460 0.000000
601268.024808 2486905.554518 0.000000
601263.024816 2486906.201577 0.000000
601258.024823 2486906.848635 0.000000
601253.024831 2486907.495694 0.000000
601248.024838 2486908.142752 0.000000
601243.024846 2486908.789811 0.000000
601238.024853 2486909.436870 0.000000
601233.024861 2486910.083928 0.000000
601228.024868 2486910.730987 0.000000
601223.101799 2486911.711755 0.000000
601218.178729 2486912.692524 0.000000
601213.255660 2486913.673292 0.000000
601208.332591 2486914.654060 0.000000
601203.409521 2486915.634829 0.000000
601198.486452 2486916.615597 0.000000
601193.563382 2486917.596366 0.000000
601188.640313 2486918.577134 0.000000
601183.717243 2486919.557903 0.000000
601178.794174 2486920.538671 0.000000
601173.871104 2486921.519440 0.000000
601168.948035 2486922.500208 0.000000
601164.024965 2486923.480977 0.000000
601159.101896 2486924.461745 0.000000
601154.178826 2486925.442513 0.000000
601149.255757 2486926.423282 0.000000
601144.332688 2486927.404050 0.000000
601139.409618 2486928.384819 0.000000
601134.486549 2486929.365587 0.000000
601129.563479 2486930.346356 0.000000
601124.640410 2486931.327124 0.000000
601119.717340 2486932.307893 0.000000
601114.794271 2486933.288661 0.000000
601109.871201 2486934.269429 0.000000
601104.948132 2486935.250198 0.000000
601100.025062 2486936.230966 0.000000
601095.101993 2486937.211735 0.000000
601090.178923 2486938.192503 0.000000
601085.255854 2486939.173272 0.000000
601080.332785 2486940.154040 0.000000
601075.409715 2486941.134809 0.000000
601070.486646 2486942.115577 0.000000
601065.563576 2486943.096346 0.000000
601060.640507 2486944.077114 0.000000
601055.717437 2486945.057882 0.000000
601050.794368 2486946.038651 0.000000
601045.871298 2486947.019419 0.000000
601040.948229 2486948.000188 0.000000
601036.025159 2486948.980956 0.000000
601031.102090 2486949.961725 0.000000
601026.179020 2486950.942493 0.000000
601021.255951 2486951.923262 0.000000
601016.332882 2486952.904030 0.000000
601011.409812 2486953.884799 0.000000
601006.486743 2486954.865567 0.000000
601001.563673 2486955.846335 0.000000
600996.640604 2486956.827104 0.000000
600991.717534 2486957.807872 0.000000
600986.794465 2486958.788641 0.000000
600981.871395 2486959.769409 0.000000
600976.948326 2486960.750178 0.000000
600972.025256 2486961.730946 0.000000
600967.065804 2486962.501216 0.000000
600962.106352 2486963.271486 0.000000
600957.146900 2486964.041756 0.000000
600952.187448 2486964.812025 0.000000
600947.227996 2486965.582295 0.000000
600942.268545 2486966.352565 0.000000
600937.309093 2486967.122835 0.000000
600932.349641 2486967.893105 0.000000
600927.390189 2486968.663374 0.000000
600922.430737 2486969.433644 0.000000
600917.471285 2486970.203914 0.000000
600912.511833 2486970.974184 0.000000
600907.552381 2486971.744454 0.000000
600902.592929 2486972.514724 0.000000
600897.633477 2486973.284993 0.000000
600892.674025 2486974.055263 0.000000
600887.714573 2486974.825533 0.000000
600882.755121 2486975.595803 0.000000
600877.795669 2486976.366073 0.000000
600872.836217 2486977.136342 0.000000
600867.876765 2486977.906612 0.000000
600862.917313 2486978.676882 0.000000
600857.957861 2486979.447152 0.000000
600852.998409 2486980.217422 0.000000
600848.038957 2486980.987691 0.000000
600843.079505 2486981.757961 0.000000
600838.120053 2486982.528231 0.000000
600833.160601 2486983.298501 0.000000
600828.201149 2486984.068771 0.000000
600823.241697 2486984.839040 0.000000
600818.282245 2486985.609310 0.000000
600813.322793 2486986.379580 0.000000
600808.363341 2486987.149850 0.000000
600803.403889 2486987.920120 0.000000
600798.444437 2486988.690390 0.000000
600793.484985 2486989.460659 0.000000
600788.525533 2486990.230929 0.000000
600783.566081 2486991.001199 0.000000
600778.606629 2486991.771469 0.000000
600773.647177 2486992.541739 0.000000
600768.687725 2486993.312008 0.000000
600763.728273 2486994.082278 0.000000
600758.768821 2486994.852548 0.000000
600753.809369 2486995.622818 0.000000
600748.849917 2486996.393088 0.000000
600743.890466 2486997.163357 0.000000
600738.931014 2486997.933627 0.000000
600733.971562 2486998.703897 0.000000
600729.012110 2486999.474167 0.000000
600724.052658 2487000.244437 0.000000
600719.093206 2487001.014707 0.000000
600714.133754 2487001.784976 0.000000
600709.174302 2487002.555246 0.000000
600704.214850 2487003.325516 0.000000
600699.255398 2487004.095786 0.000000
600694.295946 2487004.866056 0.000000
600689.336494 2487005.636325 0.000000
600684.377042 2487006.406595 0.000000
600679.417590 2487007.176865 0.000000
600674.458138 2487007.947135 0.000000
600669.498686 2487008.717405 0.000000
600664.539234 2487009.487674 0.000000
600659.579782 2487010.257944 0.000000
600654.620330 2487011.028214 0.000000
600649.660878 2487011.798484 0.000000
600644.701426 2487012.568754 0.000000
600639.741974 2487013.339023 0.000000
600634.782522 2487014.109293 0.000000
600629.823070 2487014.879563 0.000000
600624.863618 2487015.649833 0.000000
600619.904166 2487016.420103 0.000000
600614.944714 2487017.190373 0.000000
600609.985262 2487017.960642 0.000000
600605.025810 2487018.730912 0.000000
600600.051459 2487019.269374 0.000000
600595.077107 2487019.807835 0.000000
600590.102756 2487020.346296 0.000000
600585.128404 2487020.884758 0.000000
600580.154053 2487021.423219 0.000000
600575.179701 2487021.961681 0.000000
600570.205350 2487022.500142 0.000000
600565.230998 2487023.038604 0.000000
600560.256647 2487023.577065 0.000000
600555.282295 2487024.115526 0.000000
600550.307944 2487024.653988 0.000000
600545.333592 2487025.192449 0.000000
600540.359241 2487025.730911 0.000000
600535.384889 2487026.269372 0.000000
600530.410538 2487026.807834 0.000000
600525.436186 2487027.346295 0.000000
600520.461835 2487027.884756 0.000000
600515.487483 2487028.423218 0.000000
600510.513132 2487028.961679 0.000000
600505.538780 2487029.500141 0.000000
600500.564429 2487030.038602 0.000000
600495.590077 2487030.577064 0.000000
600490.615726 2487031.115525 0.000000
600485.641374 2487031.653986 0.000000
600480.667023 2487032.192448 0.000000
600475.692671 2487032.730909 0.000000
600470.718320 2487033.269371 0.000000
600465.743968 2487033.807832 0.000000
600460.769617 2487034.346294 0.000000
600455.795265 2487034.884755 0.000000
600450.820914 2487035.423216 0.000000
600445.846562 2487035.961678 0.000000
600440.872211 2487036.500139 0.000000
600435.897859 2487037.038601 0.000000
600430.923508 2487037.577062 0.000000
600425.949156 2487038.115523 0.000000
600420.974805 2487038.653985 0.000000
600416.000453 2487039.192446 0.000000
600411.026102 2487039.730908 0.000000
600406.083252 2487040.588050 0.000000
600401.140402 2487041.445192 0.000000
600396.197553 2487042.302335 0.000000
600391.254703 2487043.159477 0.000000
600386.311853 2487044.016619 0.000000
600381.369004 2487044.873761 0.000000
600376.426154 2487045.730904 0.000000
600371.483304 2487046.588046 0.000000
600366.540455 2487047.445188 0.000000
600361.597605 2487048.302330 0.000000
600356.654755 2487049.159473 0.000000
600351.711906 2487050.016615 0.000000
600346.769056 2487050.873757 0.000000
600341.826206 2487051.730899 0.000000
600336.883357 2487052.588042 0.000000
600331.940507 2487053.445184 0.000000
600326.997657 2487054.302326 0.000000
600322.054808 2487055.159468 0.000000
600317.111958 2487056.016611 0.000000
600312.169108 2487056.873753 0.000000
600307.226259 2487057.730895 0.000000
600302.283409 2487058.588038 0.000000
600297.340559 2487059.445180 0.000000
600292.397710 2487060.302322 0.000000
600287.454860 2487061.159464 0.000000
600282.512010 2487062.016607 0.000000
600277.569161 2487062.873749 0.000000
600272.626311 2487063.730891 0.000000
600267.683461 2487064.588033 0.000000
600262.740612 2487065.445176 0.000000
600257.797762 2487066.302318 0.000000
600252.854912 2487067.159460 0.000000
600247.912063 2487068.016602 0.000000
600242.969213 2487068.873745 0.000000
600238.026363 2487069.730887 0.000000
600233.073246 2487070.434012 0.000000
600228.120128 2487071.137136 0.000000
600223.167011 2487071.840261 0.000000
600218.213893 2487072.543385 0.000000
600213.260776 2487073.246510 0.000000
600208.307658 2487073.949635 0.000000
600203.354540 2487074.652759 0.000000
600198.401423 2487075.355884 0.000000
600193.448305 2487076.059009 0.000000
600188.495188 2487076.762133 0.000000
600183.542070 2487077.465258 0.000000
600178.588953 2487078.168383 0.000000
600173.635835 2487078.871507 0.000000
600168.682718 2487079.574632 0.000000
600163.729600 2487080.277756 0.000000
600158.776483 2487080.980881 0.000000
600153.823365 2487081.684006 0.000000
600148.870248 2487082.387130 0.000000
600143.917130 2487083.090255 0.000000
600138.964013 2487083.793380 0.000000
600134.010895 2487084.496504 0.000000
600129.057777 2487085.199629 0.000000
600124.104660 2487085.902754 0.000000
600119.151542 2487086.605878 0.000000
600114.198425 2487087.309003 0.000000
600109.245307 2487088.012127 0.000000
600104.292190 2487088.715252 0.000000
600099.339072 2487089.418377 0.000000
600094.385955 2487090.121501 0.000000
600089.432837 2487090.824626 0.000000
600084.479720 2487091.527751 0.000000
600079.526602 2487092.230875 0.000000
600074.573485 2487092.934000 0.000000
600069.620367 2487093.637125 0.000000
600064.667250 2487094.340249 0.000000
600059.714132 2487095.043374 0.000000
600054.761014 2487095.746498 0.000000
600049.807897 2487096.449623 0.000000
600044.854779 2487097.152748 0.000000
600039.901662 2487097.855872 0.000000
600034.948544 2487098.558997 0.000000
600029.995427 2487099.262122 0.000000
600025.042309 2487099.965246 0.000000
600020.089192 2487100.668371 0.000000
600015.136074 2487101.371495 0.000000
600010.182957 2487102.074620 0.000000
600005.229839 2487102.777745 0.000000
600000.276722 2487103.480869 0.000000
599995.323604 2487104.183994 0.000000
599990.370486 2487104.887119 0.000000
599985.417369 2487105.590243 0.000000
599980.464251 2487106.293368 0.000000
599975.511134 2487106.996493 0.000000
599970.558016 2487107.699617 0.000000
599965.604899 2487108.402742 0.000000
599960.651781 2487109.105866 0.000000
599955.698664 2487109.808991 0.000000
599950.745546 2487110.512116 0.000000
599945.792429 2487111.215240 0.000000
599940.839311 2487111.918365 0.000000
599935.886194 2487112.621490 0.000000
599930.933076 2487113.324614 0.000000
599925.979959 2487114.027739 0.000000
599921.026841 2487114.730864 0.000000
